-0.0381152047311
-0.0144499133799 
-0.0113515688953 
60.5142057969030
60.7568626657159
60.7818952627114
61.2850791979076
61.6009214577916
62.6809988669871
86.0398374749088
86.5563771468102
88.3696904280308
91.1524110132616
91.9078959158598
92.5853194101520
121.943309590189
122.904840614624
124.929204533844
126.178575224914
126.443866104686
127.580384692449
137.064162278981
137.856594849077
139.285474643870
140.486996366239
141.903589916017
142.381187383691
142.648487669775
143.387381467528
143.754960981216
144.109689550419
145.133102366165
145.835733233937
146.876347036617
147.629132814272
150.426315531310
151.180081770292
151.832570928760
152.462427264420
154.030591013823
157.566755216456
157.645100662742
158.401940085401
160.047950214075
160.977715559911
166.755120987420
167.026621938736
168.724706482594
171.386329828170
172.032916401876
172.837606583224
174.045698810354
178.115610425926
179.398570635095
179.597322957753
180.519780829636
185.723603458112
190.704074446344
190.742170071566
193.546436484305
194.583922993629
197.176106268685
197.568122032943
210.917423902116
211.961157687474
214.685940239151
217.032293831610
219.788778118358
220.661224941106
220.964783299044
221.145000452775
222.375299766435
222.639084744489
223.015124437101
223.895945774231
252.894521048254
274.433386968090
275.709619429615
277.791713915789
280.204557171474
282.558168231388
282.770981206968
284.908808280871
286.484619277361
288.960707826463
290.277550487871
292.170447269295
292.417182848194
294.171329649752
295.341877989292
295.452311842417
297.472619855536
298.537486441495
299.715339567648
300.392171730868
302.475749002205
302.874434396698
304.722798439998
305.013612820406
 306.17491706224
 309.17716222703
 309.20834072619
 312.11865782264
 312.45134105991
 313.62709667775
 314.09934787361
 315.74060704791
 316.10631416325
 318.92906937811
 319.49271144470
 320.28855932217
 320.44128175146
 321.22389406306
 324.15273684182
 324.87132657168
 325.38965992825
 325.48396200608
 325.71599550971
 325.96063378041
 327.10980473372
 328.70601995379
 328.73394281653
 329.39002978749
 331.52554877901
 332.16724350280
 332.76081449050
 333.19651736849
 333.83969092419
 336.66223964325
 337.55816084168
 337.93560427787
 340.11249343325
 341.58036664246
 341.74968704229
 341.83006543337
 343.01005004544
 343.08992655097
 344.92512622170
 345.67379392440
 346.23746036717
 347.65813056046
 348.49139795871
 349.26465341196
 350.59310556087
 352.32718380430
 352.52787862650
 352.98939729514
 354.44106255535
 354.88276156952
 354.88469111967
 357.92189556290
 358.42828048728
 359.50017637060
 360.14931769855
 360.27846103109
 360.9892588958 
 361.86488809112
 362.36262799016
 362.57791116487
 362.60751244031
 363.07129032761
 363.09379208166
 363.12031168462
 364.06070314899
 364.45928869770
 365.30934396987
 365.76092182235
 365.99287683741
 366.21955507536
 367.27152460319
 367.73279807361
 369.49698152502
 371.16457500712
 371.42478880355
 371.80616015368
 371.96887460419
 372.47302102377
 378.60610460082
 380.12647503615
 380.14556763966
 381.48446810749
 382.47796236712
 383.48084994824
 385.04527866866
 385.88699679935
 386.06448276892
 386.76729266338
 387.86623844187
 388.75893036205
 389.36546919704
 389.77418523155
 390.44068981068
 391.00469328500
 392.62457587015
 393.34700028522
 394.79909590938
 395.78352357145
 396.56621089985
 396.84459068688
 396.91815124983
 397.08983346446
 397.92485864921
 398.20232591007
 398.42847518395
 398.65974209761
 399.15876084544
 399.56789746597
 400.17298347591
 401.61660802271
 401.72416027017
 402.80873972817
 403.68022464725
 424.50426930433
 427.13851172462
 427.37523704963
 428.46396707563
 430.02493264110
 434.41823589760
 458.65869082462
