-10880.15884983378 1.6962229281343753
-10880.108849833781 1.6462229281351028
-10880.058849833782 1.5962229281358304
-10880.008849833783 1.546222928136558
-10879.958849833783 1.4962229281372856
-10879.908849833784 1.4462229281380132
-10879.858849833785 1.3962229281387408
-10879.808849833786 1.3462229281394684
-10879.758849833786 1.296222928140196
-10879.708849833787 1.2462229281409236
-10879.658849833788 1.1962229281416512
-10879.608849833789 1.1462229281423788
-10879.55884983379 1.0962229281431064
-10879.50884983379 1.046222928143834
-10879.45884983379 0.9962229281445616
-10879.408849833791 0.9462229281452892
-10879.358849833792 0.8962229281460168
-10879.308849833793 0.8462229281467444
-10879.258849833794 0.796222928147472
-10879.208849833794 0.7462229281481996
-10879.158849833795 0.6962229281489272
-10879.108849833796 0.6462229281496548
-10879.058849833797 0.5962229281503824
-10879.008849833797 0.54622292815111
