  x        y
0.0001 0.3272058865552268
0.0011 0.38403040896214735
0.0021 0.39935396384756405
0.0031 0.40858336999244976
0.0041 0.4152088788076317
0.0051 0.4203809790212583
0.0061 0.42462400429234065
0.0071 0.4282214525535636
0.0081 0.4313440769459772
0.0091 0.434102730637746
0.0101 0.43657347328633284
0.011099999999999999 0.4388107625005511
0.0121 0.4408549313690679
0.0131 0.44273668670026606
0.0141 0.4444799478819701
0.015099999999999999 0.44610371071923216
0.0161 0.44762331240039765
0.0171 0.4490513146228019
0.0181 0.45039813535212164
0.0191 0.4516725104670398
0.0201 0.45288183745989113
0.0211 0.4540324356019093
0.022099999999999998 0.4551297458114403
0.0231 0.45617848625448465
0.0241 0.4571827749456966
0.0251 0.458146227407419
0.0261 0.4590720352384696
0.0271 0.45996302990277854
0.0281 0.4608217349537325
0.0291 0.4616504091222464
0.0301 0.46245108212188835
0.0311 0.4632255846000789
0.032100000000000004 0.4639755733475912
0.033100000000000004 0.4647025526395854
0.034100000000000005 0.4654078923993703
0.035100000000000006 0.46609284373615917
0.03610000000000001 0.4667585522996266
0.0371 0.467406069809341
0.0381 0.46803636405044485
0.0391 0.46865032757409186
0.040100000000000004 0.4692487852989701
0.041100000000000005 0.46983250117637293
0.042100000000000005 0.47040218405393364
0.043100000000000006 0.47095849285092606
0.0441 0.47150204113990135
0.0451 0.4720334012145522
0.0461 0.47255310771142445
0.0471 0.47306166084293944
0.048100000000000004 0.4735595292907331
0.049100000000000005 0.4740471528012605
0.050100000000000006 0.4745249445196902
0.051100000000000007 0.4749932930931297
0.05210000000000001 0.475452564570009
0.0531 0.47590310411888076
0.0541 0.4763452375868549
0.0551 0.4767792729152943
0.056100000000000004 0.47720550142817886
0.057100000000000005 0.47762419900663655
0.058100000000000006 0.4780356271615038
0.05910000000000001 0.47844003401435586
0.0601 0.47883765519622434
0.0611 0.479228714672152
0.0621 0.4796134254988108
0.0631 0.47999199052159863
0.0641 0.48036460301692674
0.0651 0.48073144728478706
0.0661 0.4810926991961501
0.0671 0.48144852669926114
0.06810000000000001 0.48179909028848494
0.06910000000000001 0.4821445434389738
0.07010000000000001 0.482485033010106
0.07110000000000001 0.4828206996203503
0.07210000000000001 0.4831516779959483
0.0731 0.4834780972955825
0.0741 0.48380008141298386
0.0751 0.48411774925925716
0.0761 0.484431215026532
0.0771 0.4847405884344019
0.0781 0.4850459749604841
0.0791 0.48534747605631107
0.0801 0.48564518934966
0.0811 0.4859392088343298
0.0821 0.48622962504828876
0.08310000000000001 0.48651652524103767
0.08410000000000001 0.4867999935309621
0.08510000000000001 0.4870801110533847
0.08610000000000001 0.48735695609996893
0.08710000000000001 0.48763060425007304
0.0881 0.4879011284946068
0.0891 0.48816859935289775
0.0901 0.4884330849830352
0.0911 0.48869465128612527
0.0921 0.48895336200485356
0.0931 0.489209278816726
0.0941 0.48946246142232946
0.0951 0.4897129676289253
0.0961 0.4899608534296727
0.0971 0.49020617307874953
0.0981 0.49044897916262536
0.09910000000000001 0.4906893226677204
0.10010000000000001 0.4909272530446666
0.10110000000000001 0.49116281826937563
0.10210000000000001 0.4913960649011015
0.10310000000000001 0.49162703813767256
0.10410000000000001 0.4918557818680583
0.1051 0.49208233872242374
0.1061 0.4923067501198128
0.1071 0.4925290563135956
0.1081 0.49274929643480364
0.1091 0.49296750853346977
0.1101 0.4931837296180818
0.1111 0.4933979956932533
0.1121 0.49361034179570545
0.1131 0.4938208020286516
0.11410000000000001 0.4940294095946686
0.11510000000000001 0.49423619682713377
0.11610000000000001 0.49444119522030144
0.11710000000000001 0.4946444354580905
0.11810000000000001 0.49484594744164806
0.11910000000000001 0.4950457603157498
0.1201 0.49524390249409816
0.1211 0.4954404016835708
0.1221 0.4956352849074716
0.1231 0.4958285785278345
0.1241 0.4960203082668239
0.1251 0.49621049922727706
0.1261 0.4963991759124284
0.1271 0.4965863622448546
0.1281 0.49677208158467795
0.1291 0.4969563567470609
0.1301 0.49713921001902667
0.1311 0.49732066317563545
0.1321 0.4975007374955455
0.1331 0.4976794537759884
0.1341 0.4978568323471833
0.1351 0.4980328930862155
0.1361 0.49820765543040396
0.1371 0.49838113839017845
0.1381 0.4985533605614901
0.1391 0.49872434013777306
0.1401 0.49889409492147857
0.1411 0.499062642335198
0.1421 0.4992299994323938
0.1431 0.49939618290775417
0.1441 0.49956120910718654
0.14509999999999998 0.4997250940374665
0.14609999999999998 0.49988785337555425
0.14709999999999998 0.500049502477594
0.14809999999999998 0.5002100563876085
0.14909999999999998 0.5003695298459008
0.15009999999999998 0.5005279372971749
0.15109999999999998 0.5006852928983877
0.15209999999999999 0.500841610526341
0.15309999999999999 0.5009969037850254
0.1541 0.5011511860127246
0.1551 0.5013044702888906
0.1561 0.5014567694407971
0.1571 0.5016080960499814
0.1581 0.5017584624584812
0.1591 0.5019078807748752
0.1601 0.5020563628801343
0.1611 0.5022039204332904
0.1621 0.5023505648769303
0.1631 0.50249630744252
0.1641 0.5026411591555675
0.1651 0.5027851308406267
0.1661 0.5029282331261526
0.1671 0.503070476449209
0.1681 0.5032118710600364
0.1691 0.5033524270264846
0.1701 0.5034921542383144
0.1711 0.5036310624113731
0.1721 0.5037691610916487
0.1731 0.5039064596592062
0.1741 0.504042967332011
0.1751 0.5041786931696426
0.17609999999999998 0.5043136460769019
0.17709999999999998 0.5044478348073181
0.17809999999999998 0.5045812679665548
0.17909999999999998 0.504713954015722
0.18009999999999998 0.504845901274596
0.18109999999999998 0.5049771179247492
0.18209999999999998 0.5051076120125942
0.18309999999999998 0.5052373914523456
0.18409999999999999 0.5053664640288986
0.1851 0.505494837400633
0.1861 0.5056225191021382
0.1871 0.5057495165468678
0.1881 0.5058758370297224
0.1891 0.5060014877295635
0.1901 0.5061264757116624
0.1911 0.5062508079300833
0.1921 0.5063744912300052
0.1931 0.506497532349984
0.1941 0.506619937924154
0.1951 0.5067417144843762
0.1961 0.506862868462328
0.1971 0.5069834061915427
0.1981 0.5071033339093959
0.1991 0.5072226577590421
0.2001 0.5073413837913031
0.2011 0.5074595179665091
0.2021 0.5075770661562943
0.2031 0.5076940341453475
0.2041 0.5078104276331213
0.2051 0.5079262522354976
0.2061 0.508041513486414
0.2071 0.50815621683945
0.2081 0.5082703676693758
0.20909999999999998 0.5083839712736631
0.21009999999999998 0.5084970328739603
0.21109999999999998 0.5086095576175331
0.21209999999999998 0.50872155057867
0.21309999999999998 0.5088330167600559
0.21409999999999998 0.5089439610941124
0.21509999999999999 0.5090543884443083
0.2161 0.509164303606438
0.2171 0.509273711309872
0.2181 0.5093826162187773
0.2191 0.5094910229333112
0.2201 0.5095989359907864
0.2211 0.5097063598668116
0.2221 0.5098132989764042
0.2231 0.5099197576750799
0.2241 0.5100257402599168
0.2251 0.5101312509705962
0.2261 0.5102362939904201
0.2271 0.5103408734473072
0.2281 0.5104449934147649
0.2291 0.5105486579128427
0.2301 0.5106518709090626
0.2311 0.510754636319331
0.2321 0.5108569580088298
0.2331 0.5109588397928884
0.2341 0.5110602854378377
0.2351 0.5111612986618458
0.2361 0.5112618831357353
0.2371 0.5113620424837837
0.2381 0.5114617802845073
0.2391 0.5115611000714282
0.24009999999999998 0.5116600053338254
0.24109999999999998 0.5117584995174705
0.24209999999999998 0.5118565860253481
0.24309999999999998 0.5119542682183607
0.24409999999999998 0.5120515494160206
0.24509999999999998 0.512148432897126
0.24609999999999999 0.5122449219004247
0.2471 0.5123410196252631
0.2481 0.5124367292322234
0.2491 0.5125320538437469
0.2501 0.5126269965447454
0.2511 0.5127215603832
0.2521 0.5128157483707488
0.2531 0.5129095634832618
0.2541 0.5130030086614051
0.2551 0.5130960868111947
0.2561 0.5131888008045378
0.2571 0.5132811534797651
0.2581 0.5133731476421524
0.2591 0.5134647860644309
0.2601 0.5135560714872898
0.2611 0.5136470066198672
0.2621 0.5137375941402335
0.2631 0.5138278366958635
0.2641 0.5139177369041017
0.2651 0.514007297352617
0.2661 0.5140965205998503
0.2671 0.5141854091754525
0.2681 0.5142739655807151
0.2691 0.5143621922889926
0.2701 0.5144500917461167
0.2711 0.5145376663708032
0.2721 0.514624918555052
0.2731 0.5147118506645382
0.2741 0.5147984650389972
0.2751 0.5148847639926032
0.2761 0.5149707498143394
0.2771 0.5150564247683628
0.2781 0.5151417910943614
0.2791 0.5152268510079062
0.2801 0.5153116067007958
0.2811 0.5153960603413952
0.2821 0.5154802140749689
0.2831 0.515564070024008
0.2841 0.5156476302885509
0.2851 0.5157308969464992
0.2861 0.515813872053928
0.2871 0.5158965576453901
0.2881 0.5159789557342153
0.28909999999999997 0.5160610683128048
0.29009999999999997 0.5161428973529204
0.29109999999999997 0.5162244448059683
0.29209999999999997 0.5163057126032783
0.29309999999999997 0.5163867026563785
0.2941 0.5164674168572649
0.2951 0.5165478570786668
0.2961 0.5166280251743073
0.2971 0.5167079229791595
0.2981 0.516787552309699
0.2991 0.5168669149641513
0.3001 0.5169460127227355
0.3011 0.5170248473479042
0.3021 0.5171034205845787
0.3031 0.517181734160381
0.3041 0.5172597897858617
0.3051 0.517337589154724
0.3061 0.5174151339440448
0.3071 0.5174924258144907
0.3081 0.5175694664105321
0.3091 0.517646257360653
0.3101 0.5177228002775571
0.3111 0.5177990967583721
0.3121 0.517875148384848
0.3131 0.5179509567235557
0.3141 0.518026523326079
0.3151 0.5181018497292064
0.3161 0.5181769374551177
0.3171 0.5182517880115693
0.3181 0.5183264028920753
0.3191 0.5184007835760867
0.3201 0.5184749315291669
0.3211 0.5185488482031657
0.3221 0.5186225350363893
0.3231 0.5186959934537685
0.3241 0.5187692248670239
0.3251 0.5188422306748286
0.3261 0.5189150122629689
0.3271 0.5189875710045015
0.3281 0.5190599082599097
0.3291 0.5191320253772557
0.3301 0.5192039236923318
0.3311 0.5192756045288087
0.3321 0.5193470691983819
0.3331 0.5194183190009154
0.3341 0.5194893552245838
0.3351 0.5195601791460119
0.3361 0.5196307920304127
0.3371 0.5197011951317225
0.3381 0.5197713896927348
0.3391 0.5198413769452321
0.3401 0.5199111581101151
0.3411 0.5199807343975311
0.3421 0.5200501070069994
0.3431 0.5201192771275356
0.3441 0.520188245937774
0.3451 0.520257014606088
0.3461 0.5203255842907085
0.3471 0.5203939561398419
0.3481 0.5204621312917842
0.3491 0.5205301108750359
0.3501 0.5205978960084131
0.3511 0.5206654878011588
0.35209999999999997 0.5207328873530513
0.35309999999999997 0.5208000957545116
0.35409999999999997 0.5208671140867096
0.35509999999999997 0.520933943421668
0.35609999999999997 0.5210005848223654
0.3571 0.5210670393428382
0.3581 0.5211333080282795
0.3591 0.5211993919151391
0.3601 0.5212652920312195
0.3611 0.5213310093957729
0.3621 0.521396545019595
0.3631 0.5214618999051186
0.3641 0.5215270750465058
0.3651 0.5215920714297382
0.3661 0.521656890032707
0.3671 0.5217215318253008
0.3681 0.5217859977694931
0.3691 0.5218502888194275
0.3701 0.5219144059215036
0.3711 0.5219783500144595
0.3721 0.5220421220294544
0.3731 0.5221057228901508
0.3741 0.5221691535127938
0.3751 0.5222324148062908
0.3761 0.5222955076722896
0.3771 0.5223584330052553
0.3781 0.5224211916925467
0.3791 0.5224837846144913
0.3801 0.5225462126444588
0.3811 0.5226084766489354
0.3821 0.5226705774875947
0.3831 0.5227325160133699
0.3841 0.5227942930725237
0.3851 0.5228559095047173
0.3861 0.5229173661430796
0.3871 0.5229786638142744
0.3881 0.5230398033385669
0.3891 0.5231007855298901
0.3901 0.5231616111959096
0.3911 0.5232222811380874
0.3921 0.5232827961517459
0.3931 0.5233431570261298
0.3941 0.5234033645444685
0.3951 0.5234634194840365
0.3961 0.5235233226162143
0.3971 0.5235830747065471
0.3981 0.5236426765148038
0.3991 0.5237021287950354
0.4001 0.5237614322956314
0.4011 0.523820587759377
0.4021 0.5238795959235087
0.4031 0.5239384575197694
0.4041 0.5239971732744627
0.4051 0.5240557439085072
0.4061 0.524114170137489
0.4071 0.5241724526717142
0.4081 0.5242305922162614
0.4091 0.5242885894710323
0.4101 0.524346445130802
0.4111 0.5244041598852696
0.4121 0.5244617344191072
0.4131 0.5245191694120086
0.4141 0.5245764655387376
0.4151 0.5246336234691753
0.4161 0.5246906438683674
0.41709999999999997 0.5247475273965705
0.41809999999999997 0.524804274709298
0.4191 0.5248608864573653
0.4201 0.5249173632869346
0.4211 0.5249737058395596
0.4221 0.5250299147522283
0.4231 0.5250859906574072
0.4241 0.5251419341830835
0.4251 0.5251977459528072
0.4261 0.5252534265857333
0.4271 0.525308976696662
0.4281 0.5253643968960809
0.4291 0.5254196877902041
0.4301 0.5254748499810123
0.4311 0.5255298840662923
0.4321 0.5255847906396757
0.4331 0.5256395702906773
0.4341 0.5256942236047334
0.4351 0.5257487511632387
0.4361 0.5258031535435841
0.4371 0.5258574313191929
0.4381 0.5259115850595575
0.4391 0.5259656153302747
0.4401 0.5260195226930817
0.4411 0.5260733077058906
0.4421 0.5261269709228235
0.4431 0.5261805128942465
0.4441 0.5262339341668039
0.4451 0.5262872352834511
0.4461 0.5263404167834883
0.4471 0.5263934792025928
0.4481 0.5264464230728518
0.4491 0.5264992489227939
0.4501 0.526551957277421
0.4511 0.5266045486582401
0.4521 0.5266570235832934
0.4531 0.5267093825671894
0.4541 0.526761626121133
0.4551 0.5268137547529559
0.4561 0.5268657689671454
0.4571 0.5269176692648746
0.4581 0.5269694561440306
0.4591 0.5270211300992437
0.4601 0.5270726916219153
0.4611 0.5271241412002465
0.4621 0.5271754793192652
0.4631 0.5272267064608541
0.4641 0.5272778231037775
0.4651 0.527328829723708
0.4661 0.5273797267932537
0.4671 0.5274305147819839
0.4681 0.527481194156455
0.4691 0.5275317653802369
0.4701 0.5275822289139379
0.4711 0.5276325852152297
0.4721 0.527682834738873
0.4731 0.5277329779367415
0.4741 0.5277830152578464
0.4751 0.5278329471483612
0.4761 0.5278827740516442
0.4771 0.5279324964082637
0.4781 0.5279821146560201
0.4791 0.5280316292299698
0.48009999999999997 0.5280810405624478
0.48109999999999997 0.5281303490830901
0.4821 0.5281795552188568
0.4831 0.5282286593940537
0.4841 0.5282776620303543
0.4851 0.5283265635468218
0.4861 0.5283753643599305
0.4871 0.5284240648835868
0.4881 0.5284726655291507
0.4891 0.5285211667054567
0.4901 0.5285695688188334
0.4911 0.5286178722731256
0.4921 0.528666077469713
0.4931 0.5287141848075312
0.4941 0.5287621946830909
0.4951 0.5288101074904981
0.4961 0.5288579236214727
0.4971 0.5289056434653685
0.4981 0.5289532674091918
0.4991 0.5290007958376205
0.5001 0.5290482291330224
0.5011 0.5290955676754738
0.5021 0.5291428118427781
0.5031 0.5291899620104833
0.5041 0.5292370185519002
0.5051 0.5292839818381205
0.5061 0.5293308522380338
0.5071 0.5293776301183449
0.5081 0.5294243158435918
0.5091 0.5294709097761622
0.5101 0.52951741227631
0.5111 0.5295638237021728
0.5121 0.529610144409788
0.5131 0.5296563747531094
0.5141 0.5297025150840232
0.5151 0.5297485657523642
0.5161 0.5297945271059317
0.5171 0.5298403994905051
0.5181 0.5298861832498599
0.5191 0.5299318787257828
0.5201 0.5299774862580874
0.5211 0.5300230061846286
0.5221 0.5300684388413185
0.5231 0.5301137845621406
0.5241 0.5301590436791653
0.5251 0.5302042165225634
0.5261 0.5302493034206216
0.5271 0.5302943046997562
0.5281 0.5303392206845274
0.5291 0.5303840516976536
0.5301 0.5304287980600247
0.5311 0.5304734600907169
0.5321 0.5305180381070054
0.5331 0.5305625324243781
0.5341 0.5306069433565495
0.5351 0.5306512712154734
0.5361 0.5306955163113564
0.5371 0.5307396789526708
0.5381 0.5307837594461675
0.5391 0.5308277580968888
0.5401 0.5308716752081809
0.5411 0.530915511081707
0.5421 0.5309592660174589
0.5431 0.5310029403137702
0.5441 0.5310465342673275
0.5451 0.5310900481731837
0.5461 0.531133482324769
0.5471 0.531176837013903
0.5481 0.5312201125308068
0.5491 0.5312633091641145
0.5501 0.5313064272008843
0.5511 0.5313494669266107
0.5521 0.5313924286252353
0.5531 0.5314353125791584
0.5541 0.5314781190692497
0.5551 0.5315208483748598
0.5561 0.5315635007738307
0.5571 0.5316060765425071
0.5581 0.5316485759557468
0.5591 0.5316909992869314
0.5601 0.531733346807977
0.5611 0.5317756187893445
0.5621 0.5318178155000501
0.5631 0.5318599372076755
0.5641 0.531901984178378
0.5651 0.5319439566769008
0.5661 0.5319858549665826
0.5671 0.532027679309368
0.5681 0.5320694299658173
0.5691 0.5321111071951157
0.5701 0.5321527112550835
0.5711 0.5321942424021853
0.5721 0.5322357008915399
0.5731 0.5322770869769294
0.5741 0.5323184009108085
0.5751000000000001 0.5323596429443139
0.5761000000000001 0.5324008133272732
0.5771 0.5324419123082145
0.5781 0.5324829401343748
0.5791 0.5325238970517093
0.5801 0.5325647833049002
0.5811 0.5326055991373652
0.5821 0.5326463447912666
0.5831 0.5326870205075197
0.5841 0.5327276265258012
0.5851 0.5327681630845581
0.5861 0.5328086304210157
0.5871 0.5328490287711861
0.5881 0.5328893583698764
0.5891 0.5329296194506971
0.5901 0.5329698122460697
0.5911 0.5330099369872354
0.5921 0.5330499939042627
0.5931 0.5330899832260554
0.5941 0.5331299051803603
0.5951 0.5331697599937752
0.5961 0.5332095478917569
0.5971 0.5332492690986278
0.5981 0.5332889238375846
0.5991 0.5333285123307054
0.6001 0.5333680347989573
0.6011 0.5334074914622032
0.6021 0.5334468825392101
0.6031 0.5334862082476556
0.6041 0.5335254688041354
0.6051 0.5335646644241707
0.6061 0.5336037953222148
0.6071 0.5336428617116604
0.6081 0.533681863804847
0.6091 0.5337208018130667
0.6101 0.5337596759465724
0.6111 0.5337984864145836
0.6121 0.5338372334252938
0.6131 0.5338759171858768
0.6141 0.5339145379024934
0.6151 0.5339530957802985
0.6161 0.5339915910234465
0.6171 0.5340300238350993
0.6181 0.5340683944174314
0.6191 0.5341067029716369
0.6201 0.534144949697936
0.6211 0.5341831347955808
0.6221 0.5342212584628617
0.6231 0.534259320897114
0.6241 0.5342973222947233
0.6251 0.534335262851132
0.6261 0.5343731427608454
0.6271 0.5344109622174374
0.6281 0.534448721413557
0.6291 0.5344864205409332
0.6301 0.5345240597903816
0.6311 0.5345616393518106
0.6321 0.5345991594142255
0.6331 0.5346366201657362
0.6341 0.5346740217935615
0.6351 0.5347113644840351
0.6361 0.5347486484226116
0.6371 0.5347858737938711
0.6381 0.5348230407815258
0.6391 0.5348601495684242
0.6401 0.5348972003365577
0.6411 0.5349341932670654
0.6421 0.534971128540239
0.6431 0.5350080063355289
0.6441 0.5350448268315487
0.6451 0.5350815902060813
0.6461 0.5351182966360827
0.6471 0.5351549462976884
0.6481 0.535191539366218
0.6491 0.5352280760161797
0.6501 0.5352645564212763
0.6511 0.5353009807544094
0.6521 0.5353373491876845
0.6531 0.5353736618924161
0.6541 0.5354099190391322
0.6551 0.5354461207975794
0.6561 0.5354822673367275
0.6571 0.5355183588247743
0.6581 0.5355543954291502
0.6591 0.5355903773165229
0.6601 0.5356263046528024
0.6611 0.5356621776031448
0.6621 0.5356979963319576
0.6631 0.5357337610029037
0.6641 0.5357694717789064
0.6651 0.5358051288221533
0.6661 0.5358407322941011
0.6671 0.5358762823554799
0.6681 0.5359117791662975
0.6691 0.5359472228858436
0.6701 0.5359826136726945
0.6711 0.536017951684717
0.6721 0.5360532370790725
0.6731 0.5360884700122217
0.6741 0.5361236506399284
0.6751 0.5361587791172635
0.6761 0.5361938555986098
0.6771 0.5362288802376649
0.6781 0.5362638531874464
0.6791 0.5362987746002954
0.6801 0.5363336446278804
0.6811 0.5363684634212011
0.6821 0.5364032311305932
0.6831 0.5364379479057312
0.6841 0.5364726138956329
0.6851 0.5365072292486631
0.6861 0.5365417941125374
0.6871 0.5365763086343258
0.6881 0.536610772960457
0.6891 0.5366451872367214
0.6901 0.5366795516082753
0.6911 0.5367138662196446
0.6921 0.5367481312147279
0.6931 0.5367823467368008
0.6941 0.5368165129285191
0.6951 0.5368506299319226
0.6961 0.5368846978884382
0.6971 0.5369187169388839
0.6981 0.5369526872234723
0.6991 0.5369866088818137
0.7001000000000001 0.5370204820529197
0.7011000000000001 0.5370543068752066
0.7021000000000001 0.5370880834864991
0.7031000000000001 0.537121812024033
0.7041 0.5371554926244593
0.7051 0.5371891254238471
0.7061 0.537222710557687
0.7071 0.5372562481608941
0.7081 0.5372897383678119
0.7091 0.5373231813122148
0.7101 0.5373565771273118
0.7111 0.5373899259457494
0.7121 0.537423227899615
0.7131 0.5374564831204399
0.7141 0.5374896917392026
0.7151 0.5375228538863311
0.7161 0.5375559696917075
0.7171 0.5375890392846695
0.7181 0.5376220627940144
0.7191 0.5376550403480015
0.7201 0.5376879720743558
0.7211 0.5377208581002703
0.7221 0.5377536985524092
0.7231 0.537786493556911
0.7241 0.5378192432393909
0.7251 0.5378519477249445
0.7261 0.5378846071381498
0.7271 0.5379172216030705
0.7281 0.537949791243259
0.7291 0.5379823161817588
0.7301 0.5380147965411074
0.7311 0.5380472324433393
0.7321 0.5380796240099883
0.7331 0.538111971362091
0.7341 0.5381442746201887
0.7351 0.5381765339043302
0.7361 0.5382087493340753
0.7371 0.5382409210284963
0.7381 0.5382730491061817
0.7391 0.5383051336852378
0.7401 0.5383371748832922
0.7411 0.5383691728174961
0.7421 0.5384011276045264
0.7431 0.5384330393605888
0.7441 0.5384649082014205
0.7451 0.5384967342422917
0.7461 0.5385285175980096
0.7471 0.5385602583829194
0.7481 0.538591956710908
0.7491 0.5386236126954055
0.7501 0.5386552264493881
0.7511 0.5386867980853808
0.7521 0.5387183277154589
0.7531 0.5387498154512514
0.7541 0.5387812614039428
0.7551 0.5388126656842753
0.7561 0.538844028402552
0.7571 0.538875349668638
0.7581 0.5389066295919638
0.7591 0.5389378682815268
0.7601 0.5389690658458942
0.7611 0.5390002223932049
0.7621 0.5390313380311716
0.7631 0.5390624128670839
0.7641 0.539093447007809
0.7651 0.5391244405597955
0.7661 0.5391553936290746
0.7671 0.5391863063212625
0.7681 0.5392171787415628
0.7691 0.5392480109947684
0.7701 0.5392788031852636
0.7711 0.5393095554170264
0.7721 0.5393402677936308
0.7731 0.539370940418248
0.7741 0.5394015733936496
0.7751 0.5394321668222092
0.7761 0.5394627208059041
0.7771 0.5394932354463178
0.7781 0.5395237108446419
0.7791 0.5395541471016783
0.7801 0.5395845443178405
0.7811 0.5396149025931567
0.7821 0.5396452220272707
0.7831 0.5396755027194446
0.7841 0.5397057447685603
0.7851 0.5397359482731217
0.7861 0.5397661133312565
0.7871 0.5397962400407181
0.7881 0.5398263284988878
0.7891 0.5398563788027761
0.7901 0.5398863910490254
0.7911 0.5399163653339107
0.7921 0.5399463017533427
0.7931 0.5399762004028689
0.7941 0.5400060613776755
0.7951 0.5400358847725893
0.7961 0.54006567068208
0.7971 0.5400954192002609
0.7981 0.5401251304208917
0.7991 0.5401548044373798
0.8001 0.540184441342782
0.8011 0.5402140412298067
0.8021 0.540243604190815
0.8031 0.5402731303178229
0.8041 0.540302619702503
0.8051 0.540332072436186
0.8061 0.5403614886098624
0.8071 0.5403908683141846
0.8081 0.5404202116394679
0.8091 0.5404495186756925
0.8101 0.5404787895125055
0.8111 0.540508024239222
0.8121 0.5405372229448269
0.8131 0.5405663857179768
0.8141 0.5405955126470011
0.8151 0.5406246038199043
0.8161 0.5406536593243668
0.8171 0.5406826792477472
0.8181 0.5407116636770831
0.8191 0.5407406126990938
0.8201 0.5407695264001805
0.8211 0.540798404866429
0.8221 0.5408272481836107
0.8231 0.5408560564371839
0.8241 0.5408848297122959
0.8251000000000001 0.5409135680937841
0.8261000000000001 0.5409422716661777
0.8271000000000001 0.540970940513699
0.8281000000000001 0.5409995747202652
0.8291000000000001 0.5410281743694894
0.8301000000000001 0.5410567395446826
0.8311000000000001 0.5410852703288547
0.8321000000000001 0.5411137668047162
0.8331 0.5411422290546798
0.8341 0.5411706571608612
0.8351 0.5411990512050812
0.8361 0.5412274112688668
0.8371 0.5412557374334525
0.8381 0.5412840297797822
0.8391 0.5413122883885098
0.8401 0.5413405133400014
0.8411 0.541368704714336
0.8421 0.5413968625913073
0.8431 0.5414249870504247
0.8441 0.5414530781709154
0.8451 0.5414811360317243
0.8461 0.541509160711517
0.8471 0.54153715228868
0.8481 0.5415651108413224
0.8491 0.5415930364472772
0.8501 0.5416209291841024
0.8511 0.5416487891290829
0.8521 0.5416766163592307
0.8531 0.5417044109512874
0.8541 0.5417321729817246
0.8551 0.5417599025267456
0.8561 0.5417875996622862
0.8571 0.5418152644640165
0.8581 0.541842897007342
0.8591 0.5418704973674046
0.8601 0.5418980656190838
0.8611 0.5419256018369984
0.8621 0.5419531060955071
0.8631 0.5419805784687101
0.8641 0.5420080190304503
0.8651 0.5420354278543141
0.8661 0.5420628050136331
0.8671 0.542090150581485
0.8681 0.5421174646306949
0.8691 0.542144747233836
0.8701 0.5421719984632315
0.8711 0.5421992183909554
0.8721 0.5422264070888333
0.8731 0.5422535646284442
0.8741 0.5422806910811211
0.8751 0.5423077865179523
0.8761 0.5423348510097826
0.8771 0.5423618846272146
0.8781 0.5423888874406091
0.8791 0.5424158595200868
0.8801 0.5424428009355294
0.8811 0.5424697117565804
0.8821 0.5424965920526464
0.8831 0.5425234418928979
0.8841 0.5425502613462708
0.8851 0.5425770504814671
0.8861 0.5426038093669558
0.8871 0.5426305380709747
0.8881 0.5426572366615308
0.8891 0.5426839052064012
0.8901 0.5427105437731349
0.8911 0.542737152429053
0.8921 0.5427637312412503
0.8931 0.5427902802765959
0.8941 0.5428167996017347
0.8951 0.5428432892830877
0.8961 0.5428697493868538
0.8971 0.5428961799790103
0.8981 0.5429225811253138
0.8991 0.5429489528913014
0.9001 0.5429752953422919
0.9011 0.5430016085433864
0.9021 0.5430278925594693
0.9031 0.5430541474552093
0.9041 0.5430803732950604
0.9051 0.5431065701432632
0.9061 0.543132738063845
0.9071 0.5431588771206215
0.9081 0.5431849873771973
0.9091 0.5432110688969674
0.9101 0.543237121743117
0.9111 0.5432631459786238
0.9121 0.543289141666258
0.9131 0.5433151088685833
0.9141 0.5433410476479581
0.9151 0.5433669580665365
0.9161 0.5433928401862683
0.9171 0.5434186940689014
0.9181 0.5434445197759811
0.9191 0.543470317368852
0.9201 0.5434960869086585
0.9211 0.5435218284563459
0.9221 0.543547542072661
0.9231 0.5435732278181531
0.9241 0.5435988857531746
0.9251 0.5436245159378825
0.9261 0.5436501184322385
0.9271 0.5436756932960104
0.9281 0.5437012405887723
0.9291 0.5437267603699064
0.9301 0.5437522526986027
0.9311 0.5437777176338608
0.9321 0.5438031552344903
0.9331 0.5438285655591112
0.9341 0.5438539486661556
0.9351 0.5438793046138677
0.9361 0.5439046334603052
0.9371 0.5439299352633397
0.9381 0.5439552100806576
0.9391 0.5439804579697611
0.9401 0.5440056789879686
0.9411 0.5440308731924157
0.9421 0.5440560406400562
0.9431 0.5440811813876624
0.9441 0.544106295491826
0.9451 0.5441313830089594
0.9461 0.5441564439952955
0.9471 0.5441814785068894
0.9481 0.5442064865996186
0.9491 0.5442314683291837
0.9501000000000001 0.5442564237511096
0.9511000000000001 0.544281352920746
0.9521000000000001 0.5443062558932678
0.9531000000000001 0.5443311327236762
0.9541000000000001 0.5443559834667997
0.9551000000000001 0.5443808081772942
0.9561000000000001 0.544405606909644
0.9571000000000001 0.5444303797181627
0.9581000000000001 0.5444551266569935
0.9591000000000001 0.5444798477801105
0.9601 0.5445045431413188
0.9611 0.5445292127942556
0.9621 0.5445538567923905
0.9631 0.5445784751890269
0.9641 0.5446030680373017
0.9651 0.5446276353901872
0.9661 0.5446521773004906
0.9671 0.5446766938208554
0.9681 0.5447011850037616
0.9691 0.5447256509015274
0.9701 0.5447500915663082
0.9711 0.5447745070500988
0.9721 0.5447988974047332
0.9731 0.5448232626818857
0.9741 0.5448476029330712
0.9751 0.5448719182096462
0.9761 0.5448962085628092
0.9771 0.5449204740436011
0.9781 0.5449447147029068
0.9791 0.5449689305914548
0.9801 0.5449931217598182
0.9811 0.5450172882584156
0.9821 0.5450414301375114
0.9831 0.5450655474472166
0.9841 0.5450896402374891
0.9851 0.545113708558135
0.9861 0.5451377524588086
0.9871 0.545161771989013
0.9881 0.5451857671981013
0.9891 0.5452097381352766
0.9901 0.5452336848495929
0.9911 0.5452576073899557
0.9921 0.5452815058051224
0.9931 0.5453053801437032
0.9941 0.5453292304541614
0.9951 0.545353056784814
0.9961 0.5453768591838329
0.9971 0.5454006376992445
0.9981 0.545424392378931
0.9991 0.5454481232706306
