  addS
38.30330029014173
38.40768850176604
45.851323817412975
47.2300515549542
47.23833811413938
47.24964349625359
51.37933655635335
51.405073472428256
65.41005403611659
65.42196506669353
65.71114229254958
66.22176422528722
66.67202585618152
66.68622323204404
92.7027516417665
96.46063171056207
96.54385954834636
96.54421217024328
97.58508960536778
97.58798151842635
100.41522724016305
100.46246065598231
100.48538417347807
100.75188305723195
101.07417691210996
101.08726537175163
103.22996097767697
104.88681273994378
104.98650182498405
105.00160941200801
105.78611567798798
105.79451560857001
109.22859750760145
112.58002585846167
112.7059477906538
112.7070076500687
113.1995151798364
113.56233484042374
113.56595789617481
115.30926707810653
115.31924741765373
115.58932918800993
117.59572371919667
117.739438297847
117.74854287999138
123.24648284551918
123.26281886935502
123.7098814326055
123.7276464677774
124.70090500051835
128.2982774844759
129.23465139453427
129.53254226593276
129.53334082660925
132.59380556651138
132.5968768983408
133.0641625290855
135.74926282805555
135.78018403071664
136.36027593701888
136.72374265983785
136.73639783629642
144.3039424811255
147.17713935877495
147.60035615264775
147.60917180509776
148.17624829414956
148.18454060810652
150.91516116451834
153.90351595881003
153.9314517171137
154.28524140948892
154.30470869827724
154.45328455951892
163.06017750376552
163.07024293849207
168.55034525138254
168.82258481252342
168.83280751830978
169.18115357551727
169.3120958201826
169.32168640569523
170.96693972021552
176.20813393453656
176.37628127415144
176.39307864741352
176.5300840598099
176.8785570349593
176.89339790522288
180.5597435948517
181.06454300361588
181.06820195163064
181.09905096045833
181.57637723306544
181.5788276085992
185.91343267741584
186.08570266943656
186.08835549204755
186.66717190189144
186.66835147645443
186.7024249687511
190.6706650726823
190.67213407961253
191.13425535358513
191.1354127333393
191.87635103940661
192.5724424890669
194.90898069922363
194.90931042041018
195.26216901574315
195.85790996818693
195.85915183861835
196.67459838332766
198.61610981243408
198.61668711326024
198.99297062725466
198.99342832461238
199.3241712481425
199.70276088583904
200.28169474172304
200.94530425194594
200.94764601292272
201.25655653503355
201.2601635662066
204.76990120792775
204.86547653161315
205.22204560668558
205.2240559200959
205.43082729932433
206.0389151561845
206.0401404659624
207.41962195951078
207.43005715356435
207.69355260055968
208.98987419268792
208.9948074072295
210.3967906687212
210.5629253645003
210.81410559724637
210.81896171923532
214.85256066106572
214.85553252989774
216.89880288722887
221.87179688936828
221.8815159837589
222.06780284313598
222.6159361273695
222.6189545672495
234.86093359222616
260.39736745674907
272.9439317115932
272.94482216942833
273.5666785557626
273.60526300803787
273.60834193104574
274.0325030845339
274.86297642691966
274.8676593255422
275.0979688226089
275.1009912629137
275.32739321560973
275.49485136332277
277.6225253355418
277.625702369361
277.745545160564
278.2785670633809
278.28382927304204
278.7015306707398
278.70670773468237
278.7878802937976
278.9796882541753
278.99077882626887
279.4301418224569
280.50036672074145
280.50074507802765
281.5740914558152
285.1120655155293
285.2695226529119
285.2893422058636
285.9545278840386
285.96256641454966
286.57235597993883
286.57413732214354
286.63232256632693
286.66530617097976
286.8027775852481
286.8268882074979
286.8807081260163
287.36508197372234
287.46947149711366
287.47060178241924
287.74564955904776
288.0008976229156
288.015437210815
288.1215445358727
288.14627969595654
288.2384124864965
289.097883578291
289.1132282283032
291.0777289341391
291.0816752612026
291.20233896730844
291.51395231171233
293.00953067792216
293.04070046802684
294.46261116645
296.05350222620046
296.26338892963656
296.26637709560515
296.49577368724346
296.4988467110396
301.0337894070902
301.879459887824
301.8819768220876
302.68136662777147
302.6827976852366
302.69917179672103
321.9178019002228
327.22019013904065
327.22122502666866
327.7153029188968
327.7784535620398
327.7792770696139
342.8852012154982
355.39107798523764
