    MX2
16.336882887072
39.933143850254
43.328509988931
43.634129491000
44.171970054486
46.891934961804
51.208195492143
52.238130855362
54.306850700447
55.815446920852
60.737018196860
61.937447489270
62.211152618747
66.091606876442
69.387240189791
82.211825607666
86.638761233308
87.360009904351
89.520082784530
90.530611350372
91.695784328876
92.314798595393
94.542112867401
94.768373593172
95.310773582378
96.517121640822
98.407709914853
99.198622950939
99.519691331865
101.45826321850
102.15982141439
103.64161332028
105.05149065769
105.39060265019
107.38642517707
107.97628518720
108.30436386173
109.78560261192
110.75098944675
110.89993976056
111.13488371148
111.68903802994
113.21387919864
114.29494131408
114.96475733930
115.77129850944
118.10102860589
119.53786021881
120.46398708150
120.55622228989
122.82997165431
123.90140989779
124.61029645695
124.76590239773
125.11062302791
126.47381340506
126.94579468969
129.20571844684
129.44643199412
130.24514944101
131.43264504190
133.07778707233
136.62494487959
137.58671772759
140.29546118016
142.67463445116
145.38836749826
147.66875275112
147.92379030973
148.57812835073
148.72823903838
149.53217436236
152.41967748776
153.09696335031
153.29849748548
156.17150446981
156.94530985441
159.95026874233
161.05108441510
162.20901897020
163.58167765982
165.38253961232
166.33523545629
167.38425362035
167.97049600710
168.74772626594
169.14213179018
170.79542709616
172.32340969403
172.64803059980
173.79362601862
174.81837317612
176.14554101980
176.72363086889
177.02270206484
179.10706050233
180.8165989043
181.4579317588
183.8076722018
184.2982606729
185.0678737090
185.6907310700
186.4741385132
187.2132991345
188.8113701710
189.1534301956
190.0386477994
190.8008564074
191.8655758832
192.5604320647
193.0247300866
194.4945308777
194.7257500982
195.5056947017
196.3176481360
196.6622789068
197.1757024643
197.7697498833
197.9978965128
199.2017070255
199.4082044558
199.8447738217
200.1596926635
201.2594689664
201.8972376443
202.2386997063
203.7207558964
204.4545877600
205.6662920491
206.2778616152
206.7085530718
207.1524718539
207.9860719266
208.0918989467
210.2798219408
211.9397607804
214.6688164946
216.3030679716
217.6739574613
219.9502086970
227.8166550087
230.1530792839
231.8934836946
237.1806580108
245.9165763169
249.6847011319
254.0931385337
257.2475992648
259.5125944173
260.9640502291
262.2482048307
263.5618724082
266.0072211413
266.4529001204
267.8412875215
267.9619439793
268.2391914592
269.6049554869
270.3071248043
270.7158360581
271.3692514456
272.0360087604
272.2431795515
272.8093224470
273.1035850556
273.2065085264
273.6817215484
275.0530541302
275.1318189008
276.2307934132
276.3753629731
277.2769328178
277.7911728369
278.7040585076
278.8889512324
279.4907884287
280.8300217683
281.0992325489
281.4070595130
281.8406307716
282.3058973357
282.7410045670
283.1999427582
283.7524041949
284.0287029935
284.4257379070
285.0068786019
285.4001448251
285.5957956433
285.7752549144
286.9570112490
287.4991085560
288.2484424320
288.3478951613
289.4584165846
289.6954532198
290.4085905773
292.9844509027
293.6054633538
294.6452440628
295.0694793387
295.8720791130
296.2967097514
297.3734966663
299.7752101718
301.4933225544
309.1201315667
314.6147425426
318.7259406615
321.9436025590
323.1580874413
324.5771441019
339.6214593756
