      x
37.0633889747616
37.0738592604312
43.1870505684817
45.2816014184056
45.2988506403482
47.3129672939223
57.2857944503947
57.3043692789254
58.3747094379563
63.0816553679219
63.0979266131308
65.9070308588072
68.0698729393157
68.0756225649258
81.8917642028034
88.5259844635335
88.5273442207502
92.0456411376425
92.1966812171949
92.2087863949605
95.2288891072479
95.7948517725836
95.7972565069922
96.2010258545940
98.0217339083572
98.0303933984312
98.1777681630002
99.0153466103181
100.489630999743
100.494831720982
105.459795744325
105.469955000140
106.146115335928
107.464378636206
107.467867828343
108.487305477636
108.496525817211
109.068363786920
110.019324293824
110.022634730121
113.938868396466
116.028068161209
117.494556283091
117.495788999417
119.134620626646
120.004153327159
122.545089992898
122.548821322075
123.064285020019
125.632856644000
125.633538497640
126.060973736417
127.436292561149
127.451008767982
130.184234932843
130.187893951358
131.524095775980
131.535900919207
131.684618642877
133.648937187526
134.649979065718
134.650776931504
139.904786186590
143.409800463379
143.415652551979
146.266126591735
148.212134094660
148.223614420148
149.948384649016
151.633359932693
151.654552622466
152.414595977081
161.704321488030
161.715549465282
163.754822819637
163.762413881521
166.270680702730
166.803541752025
167.110224292941
168.405795317657
168.416096849683
172.340408981992
172.345470472547
173.329887171626
175.884862605083
175.892646306721
178.634751010755
179.043052227466
179.043782902668
181.955123646462
181.960413157186
182.221096695126
184.509730555660
184.511630427097
185.139160597297
186.762231694631
187.77460532899
189.76323043366
189.76979620877
191.19760900937
191.20240899746
193.73830968041
193.82923948433
193.83125467992
194.89910617030
196.56688147135
196.56851594797
198.30922796069
198.32405659904
198.32738327544
198.71564231199
200.50914722005
200.51114182945
202.28695247173
202.28992506575
202.30480345460
202.91678089677
203.05664833788
204.37215422344
204.37745330728
204.97017897984
204.97248759363
207.35880959207
207.36651165653
207.70669906368
207.98124243520
209.18617396855
209.18935308346
210.03805446256
214.26181621234
214.26876455855
217.37350497576
217.38883509178
218.67595001184
221.35360139275
222.24519971970
222.25486843982
234.03654047494
247.72790481695
247.74041862264
249.32361121315
263.97275483206
264.07984668545
264.08521274377
265.71636647952
266.19261978681
266.19823889977
269.77722165732
270.83580715677
270.84300445031
270.84419039866
271.60891673984
271.60973015488
272.62814659018
272.63597344366
274.32391398517
274.80525211026
275.73031943797
275.76928394079
275.77038402153
277.41499695047
277.41547877377
278.23435626081
278.23904258245
279.21406363413
279.34556957300
279.57801774808
279.58345503686
281.28639432197
281.29141814331
281.43367467180
282.63000498299
283.03073734027
283.92526720681
283.93071790418
285.06026454824
285.06560236026
286.10344007027
286.10609818207
286.20099686303
286.22191228962
286.85990467377
286.87891269646
287.61662197886
288.09595903808
288.57085281653
288.58011179244
289.02235837784
291.10442924607
291.10990483515
291.75250146876
292.13791901306
294.99183600335
297.05608671005
297.05678668311
298.18254691090
298.53651016811
298.53800619721
301.77523220660
301.82544957756
301.83181010807
310.05381792731
310.05470397158
321.52087303188
323.75602610196
323.75653298845
326.07234650680
326.41265816309
326.41434672083
341.30962205456
