    addS
8.51452074924587
38.61235993287969
42.774410730646366
43.64034527877047
43.64753461087611
43.6665637637279
49.06291635910916
49.11216451655629
61.21226164927207
61.22817239459102
61.52589209897181
61.89649590295595
62.45349320536396
62.49015399025508
86.48286827458774
89.68880796913628
89.81414208486254
89.81590275288758
90.35745955507635
90.36468257053107
91.30928686704429
92.18027660657324
92.19263847807193
92.21655653052198
92.2797377004186
92.57459355526349
92.58979885383785
93.30474660337418
93.42866944602058
93.44070219196284
94.41263027400402
94.42260214436529
95.2262631791045
102.2424098524415
102.26462157723049
103.16605852677836
103.20689872978052
103.2280443281309
103.3375275164293
103.34339939158981
103.36590036092112
103.87257665359928
103.88341868324747
104.14186588473937
105.3810740608215
106.82587491701352
106.83676715282377
107.02658183936045
108.53899154731471
108.54950004359287
112.23503323978741
114.1208430206705
114.15741775769769
114.38697819986724
114.40736464461477
114.86372054439846
118.9053743158396
119.2012397698067
119.39248962581662
119.3934498640946
122.27861536026836
122.28145591184801
123.43395248048876
125.58869571445722
125.62346509978173
126.17983900818992
126.189932971129
126.24163075355082
127.95922066249166
128.03501631823022
128.0358318560832
128.38850030891783
128.852514946557
128.86937254357758
165.6770488629399
168.95392507857704
168.96338377407693
175.89198559425523
176.06567145415093
176.07628309437212
176.47021843352982
176.59968860519166
176.6083017221238
184.9973565264994
185.23925303950253
185.255425120083
185.34079301039696
185.6878589233606
185.7031229208805
189.47152010979354
189.75134261596241
189.8304148565442
189.83210538465065
190.45237286348222
190.4539069729688
193.53199763818392
193.63540718374142
193.6388500793753
193.90435710270324
194.40232631588168
194.40464954026598
200.0104490128248
200.01419498413014
200.5228670952993
200.52452491323308
201.50550195755713
201.66591310485757
204.32567684229298
204.32739989611875
204.63831613241518
205.24122639255705
205.2446587761809
205.92081699151058
208.3025143093867
208.30508374428237
208.68452787990822
208.68525755088635
209.26989890994116
209.2847115177005
210.03474267746583
210.49479185382808
210.49903532308903
211.27337993611556
211.2775289257458
211.5522869971612
212.55112409387465
212.55633262114577
212.79698845719582
213.09439877573928
213.11210471765435
213.11463143222255
213.35733520419322
213.36836105930314
213.3702482742386
215.52386848076506
215.52684328418403
216.85341930647982
218.9945539627581
219.24512408715808
219.2493231158896
219.92026029902627
219.92381755497416
219.92685442150224
220.68264908816056
220.6870343385936
221.00786781059307
223.96302975580943
223.9660763298607
232.62948178077997
234.7251304609336
235.24388888262226
235.507802863935
235.51286683940327
235.92132250105735
235.92732482517633
237.79188758703202
238.8673088347781
238.8692877259657
239.3943541647025
239.41878575390743
239.42214319157762
239.99223616187317
240.08176722618146
240.09215730338988
240.19302828032224
240.21238774680543
240.22022258332933
241.57706262241814
241.58252551393505
243.50795068753706
243.5813835944275
243.5840707514057
243.646567508484
244.5249403869822
245.2593880824908
245.27352282273782
248.65202823638765
248.65533856010472
248.676975747956
248.80879199372052
249.2617977237073
249.26400290070438
253.82367760513907
253.86525565427675
253.8712804161973
254.12278690973952
254.40725389113754
254.41435023287403
254.66405338502977
254.75825630915656
255.03893414145935
255.04263441327524
255.31036982763482
255.31340773377806
256.21452899011643
256.3742622466859
256.376999517584
256.62917946388154
256.63408939417445
256.968210268196
257.343384959257
257.34735316224493
257.4850333029261
257.9324802397713
258.16660251575627
258.16925888051475
258.377210906905
258.3802713461577
259.04620303758713
259.08947444424643
259.22992878375237
259.43667701256277
259.4407312481608
259.6034945266583
259.6061257813463
260.06271635468454
260.06703380390826
279.8139787793754
282.62868838013003
282.62946690644867
282.802029835454
282.9248571153765
282.9257376021292
300.57019090352503
345.91738511077233
