   VS2
43.26043990055778
43.29938963769017
43.7316053899272
43.744307512681594
44.3523715494337
45.71984855295199
58.256510769433895
60.07049211154202
60.11226647789524
65.06384489316882
65.07828085632904
65.10690552777301
86.05959769471887
88.88092449032622
88.91669506774566
90.39773499065718
90.5919394797267
90.600934501559
91.80235479925832
91.8696389710188
92.89769457590604
92.9527425649443
93.16814787780963
94.4009706106577
94.44933751904559
94.8404856977818
96.73201194224664
96.81605343221194
96.8284062972665
99.23682030116457
102.36053321251396
102.38631350360592
104.41832261465863
104.4492592740625
105.6902187979833
106.13664867923595
106.64364912027703
106.67761021712
106.88210714935659
106.90441693413663
108.27404245615007
108.9818086479502
109.05890234956824
110.45262479057496
110.49083733239783
113.14797923735253
113.61512909875172
114.79469175035383
114.94203142828263
114.99170579881772
118.57707688605007
118.66364008412646
120.33253923063621
120.36210510536975
121.93502803960571
122.54187454961288
122.58523700549388
122.60446462044327
124.1839119699571
125.95054077781018
125.99638836339106
127.10979247196143
129.57406117387177
129.77043834800642
131.5412324301207
131.59062164706026
132.3354754951127
134.2688325413327
134.27919142384854
140.22387291652112
140.23376781724127
154.65861758717668
168.26415482912898
168.33241489464163
171.21419374765472
172.10603153259973
172.12923235124507
175.27036587271488
177.0493229305557
177.0707007962805
179.4323651468698
183.67508908047932
183.7011782236606
186.06088103204686
187.03866401168688
187.06771770238487
188.37283354647164
188.57536590032856
188.59036777561073
191.31748446334782
192.68292007820952
192.6950076256021
195.0383987358666
195.9488680028028
195.95537627864795
196.95571112060003
197.0081038930502
198.2609883876291
201.61268188066805
201.61446494242253
202.83362473248945
204.42393885763386
204.97646587293139
205.50653092591557
205.51385619526047
207.10305540798316
207.1502685941457
207.29577996364281
207.3943300610231
207.39812664509702
207.65192927978276
209.2878888037511
209.31964754991697
209.50193101527404
209.53770926488818
213.0280071396029
213.4179419864622
213.68042095521514
213.748085669745
214.2022573541506
214.22614889938927
214.5370710527285
214.74191381668172
216.08950758088
216.09419675937863
216.6960683667238
216.69861919526943
217.52082350737555
217.5437795378488
217.97555844021414
218.18825786231406
219.0632173103145
219.083270006278
221.21371938086918
222.30673004268257
222.34536044620862
222.72221246665103
222.92336838694223
222.98974654421812
225.36625938017627
227.55097640609753
227.67605693835154
228.301814420257
229.1695357421061
230.47114112588685
230.54330118075524
232.72738831644415
237.13136322156808
237.16251631377887
237.86236630323853
237.92121365410773
239.044152045053
239.08181204985254
239.3245465645997
239.6737314393788
239.96825043790724
241.73451415464757
242.2599753172633
242.28644000426436
242.5312268053091
242.59668971662492
243.78499479378812
244.5866351873374
244.59349499444772
245.4755646715435
246.33672935917863
246.3532794200553
247.38666624646183
247.84839529397655
248.49808717651646
248.51938853350384
250.30231744122145
250.32268936274352
252.54123277537053
253.67274279465502
253.70087714130668
254.74690307995542
255.53449595886764
255.97383269520967
255.99328024070144
256.8095315001539
256.8844763706955
256.8883938631769
258.04993350076967
258.06510213872065
258.39734431230585
258.72385559040055
258.75527042829253
259.0045565567039
259.1898169080453
259.1955125749254
259.72672678700843
260.1242707515827
260.1376727207192
260.65098974182126
261.6920783275771
261.84677288151175
261.87143663188965
262.16777005930584
262.17887885732756
262.1979439628523
262.4339560829389
262.4379705699174
263.5873759107899
264.3634039184804
265.96983389654565
265.9989344464199
267.3214943546411
267.3438163174523
279.92689399613505
285.22433535778043
285.24731170557163
286.6446720667309
286.79269231206456
286.79599248924586
302.371532737166
