   VS22
43.15777214874883
43.18421980053192
43.273287700657846
43.829851939450315
44.041790719967345
44.9016831896706
58.855191168317894
60.82847498802319
62.0885281385483
63.96723661828268
64.7638284724737
65.31150219323622
84.47379948218426
85.02612746746321
87.14756176610256
87.6311600877051
87.79808570820776
88.35406410358179
92.71913979768165
93.23960467431928
93.32127588756802
93.36643037028564
93.93132810601502
93.94873966143483
94.39572788745554
95.0105123468792
95.62796379586432
95.98736136335526
96.49525832285278
97.19709823199011
100.70619508859676
100.87654113962097
102.62829446550577
103.18569446849408
104.17080910831189
104.77921589845661
105.48316573154769
106.4450567313464
107.29723827994326
107.34057794143305
107.63227974402598
107.88123082868539
108.33239975569896
109.17479077122753
109.75893215983187
110.23258076800501
112.09996213705548
112.67910675483047
115.29464990135816
116.1116276815301
116.28449001048375
116.88336920273578
118.56871657027438
119.95918431750182
120.67510476718004
120.97503929704935
121.86804559423668
122.64194521749926
124.6798282471038
125.4419340377062
126.5124535346463
126.52706823148826
128.25966913502728
128.32495606661598
129.29335689762377
129.91539280365507
130.65563022627285
131.79860699213376
132.1407676303771
132.68080163956654
132.93872528191653
134.2620774000293
159.4218847241861
169.2466510327792
170.57281062166618
173.86723207143314
175.03335695902717
176.44960285911023
176.4698444553068
178.4331135638203
180.01611641559984
183.12368291218723
183.7526599939334
185.4231509400741
186.17979662473732
187.6371956029862
188.3701004904087
188.45171416232552
190.26744345593167
191.17258712227363
192.88221539315808
193.07648507772015
194.15956611608817
194.5601558348891
196.19643181928788
196.5483999417678
197.72877935797126
199.61954253872824
200.2986249055068
201.24010418568952
202.25573689203375
202.26654865821925
203.8462159114738
205.00304200280925
205.30559712620408
206.21615606195138
207.5876835826515
207.81423112687457
208.2421932721504
209.18201006314206
209.30856424137613
210.1651092418211
211.5399704152155
212.27487199178847
212.61277942966652
212.66704936411057
213.20652838142166
213.29279215980375
213.62690239941188
213.64239607432862
214.11811671921856
214.3014605177781
214.91220007666462
215.0319910825311
215.786273772873
216.4611694943156
217.25114425328388
217.7010641595661
218.01746272188586
218.59873914783972
219.37214891080257
219.66040040189844
219.67443671860204
220.95702031286157
221.5774632910584
222.42441029562997
222.72150084985913
223.10645356218075
223.52361304285827
225.02054090758105
228.36237976458912
230.95950862997685
231.6062754966977
232.33645740310905
232.76557080695696
233.81431145999355
233.8171709160975
235.1765027883837
235.5796577201583
236.8124126988372
237.7309784251772
238.10386973682236
238.60367565002556
239.192598660238
239.63735702427144
240.0349186338311
240.55811709687444
240.84991781419447
240.9580336436062
242.67781738620982
242.85987625292572
243.00225405380107
243.6805494508901
245.04299707904966
245.54488761432316
246.20056210607595
247.13866927650514
247.27277005327457
247.4361768681353
250.63670231963567
252.01246459723612
252.40607550530092
252.74331670785122
253.48833348095067
254.3215589923491
254.36829311125993
255.31216319662448
255.37611814042677
256.01227181337435
256.05859008621974
257.02097190161555
257.0816037089347
257.4706710588956
257.50617798534637
258.07987969917144
258.14119994184347
258.5946345933933
258.6860984644132
259.0542981413921
259.34459507061194
259.65661538831813
260.3297907001203
260.459008977102
260.9500732167573
261.08853928199494
261.35010346703194
261.65808520693326
261.8293787244204
262.1171883475135
262.3318057077751
262.883882104733
263.35159804036033
263.80417394379356
264.41029014776257
265.0913784484069
266.17172287430066
266.5806125980756
268.207066412432
268.23390355462595
284.88243141259073
285.3891376553267
285.5852065620338
286.06929376953894
286.2220713549682
287.26880381144633
302.88678374572964
