     VSe
43.536423234898095
43.549707636521276
43.76976089556817
43.7932499478629
44.24069142212892
45.01572714832529
60.79085264001583
61.65271058150292
61.67781249597745
63.98898523887803
64.04474393319867
64.19502081050584
87.35920162040401
87.39636049915318
87.491715138594
90.55544513800392
90.56462179179057
91.08058667627118
92.67845716217869
92.69583828640967
93.51936760106328
93.89947659610897
93.93054348810082
94.27621572578923
94.67728190900932
94.70180856146975
95.68354121074293
95.69909045869599
96.2553350519024
97.44027555047228
102.0779512179911
102.09231094966671
103.10161561704881
103.12013843363479
103.61024151050282
105.59512446882083
105.61131539625467
105.80231479382556
106.66626847191384
106.75992278195272
106.7703069841966
108.88244268320689
108.89179655314572
108.89292615622286
109.23596442898211
109.25683360387906
111.02966137497346
112.19639792151803
115.09660692032044
115.1201268746402
116.11817206130011
116.17550240404961
116.87121766915705
119.7904326782446
120.77504430551659
120.79573762688996
122.04254851269275
122.04896156708806
122.53535719163327
122.71575916497886
126.19601703749498
127.1206094388912
127.13716006983996
128.25243556900145
128.7928151763579
128.8091940598966
129.15859772803202
130.21923394081134
131.3952015960466
131.40147052554696
131.65335298405108
131.6668488514704
169.35647628191367
169.36952984004205
175.4543274455196
175.89547112841595
175.90466162962875
176.43545978294117
177.72276601148704
177.73840021715174
182.08609543249773
185.46277213832062
185.47213551405744
186.5964330046022
187.7101189589168
187.71851958244528
188.97368781683394
188.9909119005522
191.2478941468111
191.67565856827716
192.99190455039863
192.99466278330553
193.92440394182833
195.87338206963622
195.87704944680405
196.1328276332624
196.13809699258974
196.80357901012098
201.45749906397347
201.45948127609327
202.1952231756389
204.06271307009416
204.25890683973142
204.26270366185622
205.66955038351927
207.31927842286177
207.32044051917023
207.76899215187865
207.77120036656655
207.83578109928843
210.67888674549462
211.16420042006717
211.54302892033107
211.54905389880295
212.3559817936993
212.35952586768963
212.80759098704607
212.8140961409585
212.92206634390973
213.3316684346643
213.8778500042022
213.95169604702323
213.95624934239498
214.11976536045236
214.1206076237838
215.71168263331924
215.71596795383405
216.86929973960457
217.1997847598528
217.20055300455428
217.4488079438903
219.0841930441042
219.08760238492724
219.49069564102797
220.26202687692805
220.26824900973105
221.86051261907232
221.94816662785536
221.9534423427412
222.44187035017148
222.46479641113666
222.47305773779397
225.90059888890383
234.05079028779963
234.06524857345602
234.1747297503216
234.36906184403912
234.37599257219665
235.26904405549868
235.82869220735688
238.21990334993194
238.23540785239254
238.7416758227488
238.74650312227058
239.8522093177442
240.0731375566931
240.33580570854843
240.34490088532493
242.0992978692467
242.11442912886656
242.1735659549726
242.1800362633336
242.3695191832846
242.8321030291664
244.5341175366703
244.53495344367923
245.7365566539068
246.21276316963818
246.21407134573005
247.1291747677599
247.28266465432756
251.72408130174523
251.72652791455212
252.50870933941263
252.51118113671495
252.52363448880925
253.60077483987777
254.9594837896018
254.96530232904334
254.97047018318312
256.1408944744584
256.14774477324886
256.5072558120982
257.07083449915734
257.0780084982673
257.3947722238491
257.4010210354495
257.76569086592525
257.9924946186512
257.99696859054865
258.4697584829018
258.57631270947155
258.579107104481
258.85663135223155
259.5342220395048
259.5425370881311
260.44535546849517
260.45564786097094
260.82645952564917
260.8540843152752
261.0769277109093
261.2014700480885
261.2488947274152
261.2534843750672
261.90606789648797
261.9094946797447
262.68963958786304
264.13569282822624
264.14147184288845
264.7069822009414
264.7084475299667
265.70264156293
285.00041965393984
285.1598590191676
285.16049208153015
285.49074035385416
285.49430283231607
285.7850103188599
303.0652131788758
