   VW
39.13902356177564
39.400784484732014
41.38585960072964
43.81510243505674
45.57422662507979
46.09800362956133
54.944022254078256
55.01688949371928
56.33784142745606
60.72474731080892
62.09431423071219
62.12311479719135
72.22098202039533
72.63003033921603
76.91420395154822
83.48283050810163
85.73436117518838
85.77030625960647
85.81285053704082
86.00214826551738
88.66572692472765
88.8940447038043
90.52335664745094
91.24754727284953
91.28931790183519
92.10149037778048
92.1403148434005
92.62437634696524
94.55398534946909
94.57857217715849
96.6722457226403
96.8803763025694
98.94863285137201
98.96928308270947
99.22399057123779
100.12663973838814
100.93005074899432
101.35726240693282
101.38505378313891
102.42431033402855
102.87569453951382
102.8939433600489
104.54399412725792
104.88755693222909
104.91791111727291
105.83765017963648
107.09224018240074
107.78038890573691
107.81535656107613
111.29386988392413
114.55221893886959
114.76528921867364
114.77403345623051
115.22116947106777
115.35499677389744
116.30038033611994
117.93669553511947
117.9803538514488
119.42359495467896
119.45580080941794
121.03754206356702
123.62116577410939
123.68198396027883
124.54738834142314
126.01564720835896
126.02832616100719
126.2889458118519
127.6462521905641
128.44351043926477
128.45243054980574
131.81094748919904
131.82791303595238
144.43197781908108
158.4932189985801
158.5133347937319
169.0673272762528
169.083517207466
171.89449544520215
171.93805303995035
173.00812211889513
177.73535570888248
180.0203935504108
180.06350412770274
182.518422173011
182.60434131609773
182.63459383882895
183.84762729925097
184.71207953973754
184.72278496391166
186.615995901153
187.06815100555102
187.09677948777906
187.33987937363398
190.6103111293381
190.6626274522584
191.95877088421707
192.01490080023973
193.31139332681792
196.48616269417514
197.72203854814362
197.86292878389384
197.95919841452928
199.12356837559355
200.81276135136835
200.93277924098302
201.1249790824123
202.19733269220993
203.4579139877938
203.54254097736464
204.543972330206
204.57244100689593
205.20867316808605
205.3543707863792
207.61889723539295
207.65628430119256
208.8568059201621
208.91917396379876
209.1350256121955
209.14528059314452
210.11225390389262
210.13357612010208
210.14125176996265
210.14534951690155
210.5202246500766
210.84615105294537
210.85217462169248
211.71019213928986
213.09207763031156
213.0942392035731
214.11842914121257
214.12416086136278
214.2383428599705
215.27669672846602
215.65587538863593
215.6623256341356
217.32190843343358
217.32938580075034
218.23683987798822
219.43654427391544
219.80069340535104
219.8037676973641
220.25599650133452
220.26131744622478
220.98364575474994
222.04687331533336
227.82705164345774
227.83592440740895
231.7216843841065
233.29665857806538
233.30343807096156
233.8725193283501
234.08005674106772
234.64923903088305
234.65166439096723
236.01784945616654
237.0149585639793
237.0486869331657
237.05465426024946
238.42235200283918
239.0709882813997
239.5795988616899
239.58616621607774
239.92817509339412
239.94598985887325
241.15507914118874
241.16196149712988
241.25393748481238
242.38001903295705
242.40529091724184
243.1316131890222
243.30465035248162
243.35388423085078
243.6344947111596
247.05458340448038
247.0586978140986
247.22753511428206
248.92334052142982
248.93585756019593
249.0801602933587
250.9470477012167
250.97034823793686
253.0547892038806
253.1092845197802
253.1290797206106
253.31943030242797
254.02955986087963
254.03645114780977
254.3056438684926
254.44043005665893
254.89081505561023
254.90435904551325
256.12128332793606
256.2172156090096
256.2272327504627
256.2812389800359
256.3380180840361
256.7089568378239
256.9438303413381
257.0155590652891
257.0342343308682
257.0913716004596
257.39013180022687
257.5186059250218
258.1105775507972
258.11635692479143
258.1584585593801
259.16225608691525
259.17669383248017
259.7001815842341
265.78650105079856
275.99513560714763
276.04905638805013
281.1700182356232
281.2970358519313
282.46466171928256
299.04085915287004
