    w0
44.076442867369394
44.09753333457543
44.10387133033933
44.11498630181397
44.11999354659011
44.13929663183908
63.040093408568914
63.048101044565826
63.06235124772614
63.07587158955733
63.07783836802502
63.11518994654646
91.09624662152672
91.1021025926435
91.10642910093686
91.10874925008589
91.1256528742175
91.12996786891225
93.77466060306898
93.79691650537993
93.80137276945706
93.82050363770955
93.84905329973475
93.86092990720657
95.3798515452046
95.3997863189819
95.41043606088178
95.4228414745535
95.45769162067668
95.458937645919
103.97861619777312
103.98587573819151
103.99034172321201
103.99334427197337
104.03927828196127
104.05120291670355
105.4909816208074
105.50112020557337
105.50778672771536
105.51566410558755
105.52086888473433
105.52884191927762
108.8669902967713
108.87145609708003
108.8803903903858
108.886558887663
108.88977938493767
108.89996296675871
115.7473077390907
115.7635206458739
115.84800288356082
115.85475897815873
115.87864100827642
115.89256097481096
121.40080850680619
121.40701528243547
121.41933128034938
121.42507249214927
121.43070584457134
121.43374939929282
126.9977885242964
127.00796227501148
127.02664767854823
127.03773927718031
127.07269759083421
127.08390622587754
130.08142780979426
130.0903655907955
130.09251904884704
130.0961319411952
130.10841739201985
130.11308671006884
169.8151563263229
169.82621211314074
177.42581571143347
177.42736221909124
177.42874758758737
177.43029249552154
177.44268529596405
177.44374236305592
186.82212571080953
186.8229640622189
186.82819938981532
186.8295048956028
186.85497273700483
186.85555695759396
191.70601814576816
191.70663840041533
191.71109497470823
191.71172082672643
191.71435923028258
191.71512248249562
195.5537554435664
195.55434165832625
195.56542927001001
195.568208002562
195.57100584314233
195.57228470868984
202.5003729987886
202.501545604807
202.50612091289827
202.50776955785574
202.51138621799763
202.5125542406328
206.8171429653524
206.81793213334868
206.82850558827883
206.8302458445651
206.83363624081375
206.83435135062757
210.86318467135177
210.8639172074546
210.86859859369838
210.86948349698022
210.88629963961995
210.8875531908538
212.70398417026746
212.70618856378468
212.71677687769588
212.71749543873779
212.72725382436175
212.72742991475505
215.16764594389326
215.1688441210713
215.18287402276104
215.18488699106027
215.20721332921931
215.20989821941802
215.67657535662795
215.67933010030376
215.69161845474463
215.6943665225788
215.69557385331467
215.69626328375358
222.01381094112142
222.01697154700972
222.0210111910596
222.02330970413058
222.026898160208
222.02895676514237
222.02983344365708
222.03165085307276
222.032885349262
222.03297752913556
222.0403045352949
222.0420999041585
237.76138002211076
237.76606907751392
237.7676194151952
237.77493048305254
237.77555370517564
237.78152811692902
240.89633701709107
240.90107471898511
240.9016691991439
240.91016292532206
240.91221496382124
240.91411976771306
241.894302947077
241.91037303487556
242.68641511751494
242.68826221844932
242.70656303643327
242.71034613383995
242.7473857096903
242.7521867870415
243.4153310618321
246.52368753825857
246.52610119264497
246.53396793159914
246.5354461081708
246.5434537527757
246.5458546362643
251.99001985868475
251.99243013371367
251.9988737596949
252.00157071016326
252.0047169548443
252.00860467842386
255.84445754669377
255.8485959413571
255.86273303685607
255.86411091594292
255.87629260077549
255.87675906654246
257.7087149526389
257.71195350403053
257.7156053481098
257.7170629744983
257.7221396421758
257.72381387118224
258.1190347138272
258.12378818510933
258.1329294844806
258.13396595556304
258.140921320095
258.14126764497075
258.85720374424704
258.8611259396994
258.8706302071967
258.87416583468405
258.888726422942
258.89088336589197
261.32314095609127
261.3283899488477
261.33837416678927
261.33864954309064
261.3471640544154
261.3525469491086
261.4438082947887
261.44478621087615
261.44869112274216
261.4529426976093
261.45809582190657
261.45944981937134
284.94983237345815
284.95317045516134
284.95488056845437
284.9560396242606
284.95696036442035
284.9588342372202
303.33564709030446
