    x
25.9024767060451
26.9372117609289
43.3511583084854
45.3433464788036
45.3713404554137
46.6416639153327
51.0691111867198
53.0445786755186
56.5799489890677
58.6936137855796
60.2481323723307
65.2428832613166
66.2121121503865
66.4107169340642
79.5685995380290
83.5322481233057
87.9425107712070
90.0305939064360
90.3721326890884
91.0891513551669
93.7415468040682
95.0779156394261
96.2023475527137
96.5482452227403
97.2211775436885
98.5721931965618
98.8930100792743
98.9796849415095
100.299723113583
101.989786299398
102.900360865716
104.653657557299
106.292889688499
106.439420136749
107.359563200037
107.807640505226
109.497562515410
110.193712557824
111.234966305593
112.333768200478
112.717831299669
113.914273440271
114.430261303334
115.216512000433
118.251899701421
118.970270623915
119.640880889702
120.384866659454
120.849000204913
122.999380658676
123.169127182874
123.564446860560
123.832408716765
126.579493176667
127.054700884190
127.480836886802
127.731911643106
130.003427788873
131.467004331140
132.517561610500
132.656183350646
133.138703643293
137.830366334839
138.363693300022
140.439591258616
143.721515177894
146.162567192511
147.103835973267
148.330135255012
149.364056123012
149.450509587519
151.106400311611
151.142365691371
152.467184552879
159.192326888738
159.219871797478
162.269132147194
164.903140052312
165.679511057842
166.613095787143
168.125692215204
169.050589864475
171.024528586150
172.016548905210
172.441392698670
173.883446366314
174.021188565343
174.563668102328
175.333194697807
176.498346364828
177.266228103175
178.233353568462
178.567595370380
181.817297512490
182.318415252543
184.328125623593
184.37199843771
185.25267490800
186.14681798165
187.43290639770
187.82106890264
188.55855434907
189.01708631289
190.79000108842
191.81309062886
192.55158569289
193.11143094403
193.54783715728
194.69153517999
194.82009643604
195.28515628258
196.59586278253
196.95989512383
197.85444965404
198.46017662142
199.27562246487
199.46484003683
199.51404439193
199.98187702995
200.41978858146
201.04527126064
201.71249848799
202.07535875894
202.49515503971
203.40450965536
204.71662914902
204.76213736870
205.95747810382
206.05609879124
206.43754370608
208.03518280199
208.43515342130
209.40232357998
209.51617648586
209.62233185031
210.69347671776
211.74300492675
213.69734140681
218.15911229612
219.31066994682
220.07141067931
220.67650438594
221.29433719377
233.13806093243
245.72689088571
245.98744405541
256.13543593449
261.40503814883
265.02664715940
267.16981356939
267.99259688906
270.01261544798
270.28257433765
270.64499321027
270.82425800209
271.58008173371
271.90077597147
272.37958993257
272.53731177191
273.88537056233
274.21719032880
274.50877192699
274.83789545344
275.60549482628
276.30292747779
276.54970707267
276.86394269515
276.93008871364
277.18638361058
277.46597886688
278.17734871998
278.40205538524
278.52759694473
278.98776642744
279.90603750896
280.89043462464
281.52996146536
281.93570561723
282.23878800222
282.49010875690
283.44505347874
283.95057239076
284.51852805613
284.90968903560
285.00790615733
285.32450413404
285.78605901078
286.30534355782
286.75049771406
287.01320853794
287.15580823087
287.51049621773
288.14556560098
288.35074189998
289.01130336968
289.12927903179
289.88127331163
290.10537841469
290.27677106834
290.46157769242
292.42745688915
294.81919566514
297.11826889699
297.33642315579
297.37353136609
298.47854642119
298.84848140690
299.28691987572
305.73451850973
311.16793368335
320.43536217917
321.92354473887
325.03071823663
325.11327199143
326.90220045531
341.21757149397
