Atoms:  8  Mode #:  1 Freq: -0.6778574936949591 cm-1,Mass weighted displacment dq is: 
 [ 1.67128171e-01 -1.24289936e-04 -4.24092091e-01 -2.72094181e-02  1.17430894e-03 -4.52539388e-01  1.24460727e-01 -6.23311424e-04 -1.63609460e-01 -1.26451040e-01 -2.05691222e-05  1.68376678e-01 -1.66304821e-01 -2.34662136e-04  4.22132583e-01  6.88302124e-02 -7.29804679e-04  1.94761141e-01 -6.68403854e-02  8.80015785e-04 -1.99508311e-01  2.63849809e-02 -1.14703595e-03  4.54519724e-01]
Atoms:  8  Mode #:  2 Freq: -0.5679960901056416 cm-1,Mass weighted displacment dq is: 
 [-0.05309551 -0.26638153 -0.159896    0.05198751 -0.10527458  0.16303025  0.1253227  -0.15753035  0.39034423  0.12622216  0.15753382  0.3891547  -0.05190051  0.266383   -0.16292754 -0.12653878 -0.0035489  -0.39044278 -0.12605248  0.00354836 -0.38902968  0.05179524  0.10527548  0.15977928]
Atoms:  8  Mode #:  3 Freq: -0.025354276096448525 cm-1,Mass weighted displacment dq is: 
 [ 2.06379377e-01 -6.58056568e-04  2.87000346e-01  2.06970924e-01 -8.56805316e-04  2.86769783e-01  2.07354407e-01 -2.68280314e-04  2.86567338e-01  2.07355322e-01  1.64949130e-04  2.86566144e-01  2.06381094e-01  5.55899887e-04  2.86997864e-01  2.05906236e-01  3.01352753e-04  2.87141018e-01  2.05906344e-01 -4.02985151e-04  2.87141508e-01  2.06971352e-01  7.54013520e-04  2.86768079e-01]
Atoms:  8  Mode #:  4 Freq: -0.015153493850290144 cm-1,Mass weighted displacment dq is: 
 [ 2.05728053e-04  3.53542941e-01 -1.61024492e-04  1.18824527e-04  3.53545473e-01 -1.69956027e-04  1.64162936e-04  3.53570533e-01 -8.60539776e-05  1.05201645e-04  3.53567499e-01  1.72364380e-05  8.62773004e-05  3.53531599e-01  7.75219289e-05  1.63034193e-04  3.53565766e-01  1.43941152e-05  1.38307659e-04  3.53574437e-01 -1.03954407e-04  1.59930561e-04  3.53528503e-01  9.50520983e-05]
Atoms:  8  Mode #:  5 Freq: -0.008203497393219811 cm-1,Mass weighted displacment dq is: 
 [-2.86963065e-01  1.04949387e-04  2.06854788e-01 -2.86795283e-01 -1.17135347e-04  2.06470311e-01 -2.86662948e-01  1.86319093e-04  2.06195582e-01 -2.86662254e-01  9.09699143e-05  2.06194685e-01 -2.86961826e-01  1.73131339e-04  2.06852892e-01 -2.87059519e-01  2.92780038e-04  2.07093248e-01 -2.87059413e-01 -1.42982630e-05  2.07093663e-01 -2.86795002e-01  3.94779197e-04  2.06468930e-01]
Atoms:  8  Mode #:  6 Freq: 0.21096899027495022 cm-1,Mass weighted displacment dq is: 
 [ 0.12572609  0.21299685 -0.08295029 -0.12601087  0.32435324  0.08866732 -0.30540381  0.05553309  0.20877555 -0.30421388 -0.05554678  0.20720086  0.12730566 -0.21301447 -0.08696282  0.30486698 -0.16696921 -0.20713585  0.3055109   0.16694864 -0.2052663  -0.12626689 -0.32437084  0.08436503]
Atoms:  8  Mode #:  7 Freq: 74.26464736157575 cm-1,Mass weighted displacment dq is: 
 [ 0.27869009 -0.05822072 -0.20931541 -0.19997776 -0.05845446 -0.28583272 -0.09697206 -0.24221978  0.23804333 -0.09729244  0.24262714  0.23847733  0.27916784  0.05846846 -0.20972296  0.01791857  0.24219991  0.25658294  0.01808758 -0.24260688  0.2570941  -0.19964995  0.0582063  -0.28529405]
Atoms:  8  Mode #:  8 Freq: 74.33256277019355 cm-1,Mass weighted displacment dq is: 
 [-0.24992532  0.13010695  0.21367565 -0.17073321 -0.12986592 -0.28082639  0.16807219  0.21321308 -0.22732323 -0.16788593  0.21275042  0.22686789  0.24939303  0.129994   -0.21327513 -0.08888972 -0.21334168 -0.26784365  0.08885458 -0.21287798  0.26735194  0.17111437 -0.12997849  0.28137297]
Atoms:  8  Mode #:  9 Freq: 136.22548219331293 cm-1,Mass weighted displacment dq is: 
 [ 0.09092554 -0.27792728  0.19850175 -0.14881675 -0.27769886  0.16064232 -0.24588635 -0.12083724 -0.2231881  -0.24561726  0.12138702 -0.22350422  0.09141246  0.27771093  0.19893745  0.30317079  0.12103038 -0.13579218  0.30301336 -0.12158039 -0.13617569 -0.14821909  0.27791543  0.16037721]
Atoms:  8  Mode #: 10 Freq: 136.29007621740593 cm-1,Mass weighted displacment dq is: 
 [-0.24982617 -0.11067708 -0.22449699 -0.30699886  0.11106419  0.13550286 -0.13784924  0.28212999  0.1627383   0.13832844  0.2818937  -0.16230415  0.24964798 -0.11121863  0.22411088  0.0805133  -0.28197561  0.19763541 -0.08110369 -0.28173966 -0.19737041  0.30728824  0.11052272 -0.13581535]
Atoms:  8  Mode #: 11 Freq: 185.77126277173923 cm-1,Mass weighted displacment dq is: 
 [ 0.21150208  0.19514293 -0.08761217 -0.17358918  0.19538384 -0.14854367 -0.23808428 -0.19495619  0.2544149   0.23793496 -0.19512594 -0.25454206 -0.21129648  0.19531064  0.08739471 -0.14733541 -0.19538293 -0.31587455  0.14715317 -0.1955499   0.31594902  0.1737151   0.19521718  0.14881404]
Atoms:  8  Mode #: 12 Freq: 185.7867956970446 cm-1,Mass weighted displacment dq is: 
 [-0.23816586  0.19526883  0.25431495 -0.14731324 -0.19493216 -0.31598568  0.17381847 -0.19547849  0.14895055  0.17401841  0.19531935  0.14873611 -0.23835738 -0.19510455  0.25439198  0.21156707 -0.19484461 -0.08741001  0.21169627  0.19466858 -0.08713473 -0.14717052  0.19510305 -0.31586393]
Atoms:  8  Mode #: 13 Freq: 212.0353249575049 cm-1,Mass weighted displacment dq is: 
 [ 0.31879657 -0.12470978 -0.08868612  0.2755023   0.12443101  0.18339679  0.1446751   0.30099011 -0.11652603 -0.1446768   0.30097994  0.11652293 -0.31878562 -0.12470251  0.08868174 -0.10125066 -0.30070428 -0.15544148  0.10124092 -0.30070774  0.1554462  -0.27550171  0.12442813 -0.18338942]
Atoms:  8  Mode #: 14 Freq: 228.60632608307438 cm-1,Mass weighted displacment dq is: 
 [-0.32248864  0.13515288 -0.0514421   0.32264334  0.13530971  0.05153768 -0.13372774 -0.32625442 -0.02132186 -0.13372785  0.32625839 -0.02132139 -0.32249389 -0.13515256 -0.05144128  0.13358039  0.32702707  0.02124996  0.13358094 -0.32703216  0.0212527   0.32263937 -0.13530893  0.05153633]
Atoms:  8  Mode #: 15 Freq: 245.2108444733141 cm-1,Mass weighted displacment dq is: 
 [ 0.38472025 -0.20261664  0.13706309 -0.40848936 -0.20269814  0.01064056 -0.00876687  0.20257879  0.03007495  0.00882457  0.20245671 -0.03004352 -0.38477988 -0.20261338 -0.13708243  0.00080417  0.20279273 -0.03150659 -0.00073935  0.20267056  0.03149393  0.40842648 -0.20270125 -0.01063973]
Atoms:  8  Mode #: 16 Freq: 245.24131152424852 cm-1,Mass weighted displacment dq is: 
 [ 0.19509773  0.00395683  0.06261262  0.20525944 -0.00411304  0.00127928 -0.18861945 -0.40157492 -0.10586802 -0.18861487  0.40163755 -0.10587799  0.1949805  -0.00401923  0.06257119 -0.21180828 -0.40141375  0.04192018 -0.2118067   0.40147547  0.0419302   0.20538291  0.00405106  0.00127558]
Atoms:  8  Mode #: 17 Freq: 356.8701083318753 cm-1,Mass weighted displacment dq is: 
 [ 0.13357529  0.32675007  0.02121007  0.13350071 -0.32693845  0.02127367 -0.32241801  0.13535501 -0.05108412  0.32241806  0.13535332  0.05108465 -0.13357284  0.32675061 -0.02120743  0.32245431 -0.13516576  0.05145282 -0.32245612 -0.13516614 -0.05145433 -0.13350139 -0.32693866 -0.02127517]
Atoms:  8  Mode #: 18 Freq: 390.0029678264562 cm-1,Mass weighted displacment dq is: 
 [ 0.15120293  0.4218603  -0.01941749  0.13750941 -0.42179766  0.06553389 -0.16034915  0.12921611  0.07958833 -0.16112457 -0.12949308  0.07938364  0.1509901  -0.42158594 -0.01965431 -0.12763796  0.12891907 -0.12542612 -0.12844181 -0.12919624 -0.1254745   0.13778369  0.42207751  0.06537996]
Atoms:  8  Mode #: 19 Freq: 390.08038367055764 cm-1,Mass weighted displacment dq is: 
 [ 0.11126077  0.14587991  0.1227878  -0.1442144   0.14686918  0.0823734   0.40978054 -0.14655237  0.10815455 -0.40947515 -0.14630421 -0.10830619 -0.11154494  0.14667877 -0.12274953  0.42341901 -0.14640667  0.02419663 -0.42317836 -0.14616203 -0.02396009  0.1439526   0.14606701 -0.08249654]
Atoms:  8  Mode #: 20 Freq: 451.7358328256061 cm-1,Mass weighted displacment dq is: 
 [-0.19730182 -0.21154332 -0.20304259  0.251364   -0.20991185 -0.13361458 -0.2354835   0.22738555  0.13523083 -0.23480816 -0.22740532  0.13574365 -0.19725822  0.21078124 -0.20345116  0.18152387 -0.22665277  0.20100516  0.18069724  0.22668636  0.20131459  0.25126347  0.21066012 -0.13320221]
Atoms:  8  Mode #: 21 Freq: 451.79380578081856 cm-1,Mass weighted displacment dq is: 
 [-0.01546619 -0.30978144  0.1703979   0.03887373  0.30906704 -0.16737143 -0.27855126 -0.01088041 -0.21526004  0.27913412 -0.01031838  0.21492363  0.01594333 -0.31030125 -0.16991445  0.33291077  0.01210285 -0.12048734 -0.33334843  0.01155591  0.12000247 -0.03949604  0.30855559  0.16770931]
Atoms:  8  Mode #: 22 Freq: 461.00127213286703 cm-1,Mass weighted displacment dq is: 
 [-0.09827188  0.15556682 -0.38131408 -0.21021069 -0.15678277  0.33111102  0.17742845 -0.15571037 -0.12218011  0.17716673  0.15611318 -0.12316972 -0.09794112 -0.15595142 -0.38087194  0.131522   -0.15653632  0.17208226  0.13099701  0.15693118  0.17291979 -0.21066749  0.15636969  0.3314223 ]
Atoms:  8  Mode #: 23 Freq: 461.0442357540877 cm-1,Mass weighted displacment dq is: 
 [ 0.1307654   0.15523034  0.17269449 -0.17744858  0.15709205  0.12216685 -0.09883625 -0.15614705 -0.38105857  0.09928036 -0.15575661  0.38074991 -0.13102405  0.15484187 -0.1736779  -0.21012993 -0.15658004  0.33185193  0.21047277 -0.15617016 -0.33140206  0.1769203   0.15749913 -0.1213246 ]
Atoms:  8  Mode #: 24 Freq: 470.39326357207796 cm-1,Mass weighted displacment dq is: 
 [ 0.07431967 -0.05239978  0.34104074  0.17698527  0.05192623 -0.30148656  0.00178967  0.12749721  0.33097373 -0.001793    0.12749283 -0.3309707  -0.07431979 -0.05239213 -0.34103331 -0.10332642 -0.12702317  0.31289249  0.10332501 -0.12702447 -0.31289462 -0.17698042  0.05192253  0.30147777]
