    addS
51.97872094249972
51.98464301503173
52.87301255288218
53.126634665699704
53.13886998482007
53.19775379593588
77.37344306157581
77.38954897495248
78.88921840767475
78.90565411641299
79.23821183686557
79.5797068174728
91.03874502956741
91.04923083322794
109.48524085454494
109.95344327373164
110.1088562502169
110.11155499901339
113.7360180544756
113.74398253075562
117.60199836077292
119.66648111667979
119.69162696004898
119.76027474400917
120.81444092773759
120.84092567458684
122.56573113736628
123.01802595230478
123.02444464092171
123.0483133782682
123.48547199441028
123.48827941139564
127.45408729703794
128.1108611767485
128.11809584820688
128.25548132949095
130.5121694282672
130.89286921901885
130.89383595787294
132.6241398777085
132.63629662713535
132.6518968728667
134.7697731702536
134.78085627739674
139.51811630838566
142.9874609230208
143.0484144564672
143.12113381241022
143.12523449870577
143.77913499291932
143.79726919845274
143.83749963556554
144.42255808524314
144.44683248321886
150.34626692840087
150.35583934449852
153.29127590583525
155.06100398201994
155.07316350256465
155.62181323452538
156.42274952249832
156.43041960981742
167.6917160164748
169.87197460428288
169.93733315945565
170.45998590222163
170.63150751327322
170.66318875349398
172.4547263886824
172.50467723710705
172.51061409242308
172.5257950814898
173.076531195444
173.0922544426344
260.78697717945766
287.9292201964661
287.9422315058974
298.1850667816262
298.35611346608897
298.3658149164262
298.8074611776954
299.21554424840417
299.22520042406956
311.42238974565447
311.6578107034864
311.6702576104637
311.78597624859
312.50222485156024
312.51437381542684
315.5030609780806
315.7458104143558
315.7817439680216
315.7831463326966
316.42269391334895
316.42530876104985
316.90162956692143
316.9076120356168
316.9980930937982
317.1535149247092
318.8512587949394
318.8560920447706
329.23230052569295
329.23886120932895
329.88239688753436
329.8898203444476
330.47230824799703
331.0348916859456
333.04264038521154
333.0431709955848
333.0714495160056
333.92031097214493
333.9223427930014
333.9647255692304
334.55411796788786
334.7470452299436
334.75089504947664
335.36437940772083
335.36616642436206
336.1342515462419
340.0155269052071
340.0184730352709
340.14403752991444
340.70935338635144
340.7739423004897
340.779096825582
340.92484827849734
340.9359732318153
340.9904857247815
341.3371784477227
341.37067546466574
341.378771162961
341.46496477356294
341.48381858717426
341.60137188777145
341.6611868730865
341.7501376171053
341.8055245940082
341.80927967681674
341.95299191184034
341.9569117722581
342.4458370954612
343.0888553590892
343.0961867549718
343.51122875375677
344.44027848940266
344.4460041111138
344.59155756748027
344.5940720745806
345.08253821527956
345.9884195284825
346.00026716505477
346.35617453982036
346.45028234006685
346.4851774847109
347.3910996996841
347.4053589297997
347.85597391981634
348.3514467669702
348.4573193797236
348.47652712063626
351.3740152650297
351.3852634394662
352.25798546642494
356.0880382312059
356.4452514683997
356.4511922121554
356.57037250519284
357.0209657343165
357.0270187769411
357.63156017147395
357.63813809701156
357.63968424995437
357.8428355258348
357.91042528466704
357.9114324939516
358.2127753148685
358.21580157845386
358.3038777867901
358.6720830352577
359.7720901611939
359.9729272766981
359.97599902505243
360.0668323174032
360.0695637595805
360.80767348818404
362.7076478875406
362.70966105526367
363.3228344768534
363.595632854982
363.5963502825483
368.1383670357925
371.1971668418271
371.2033965413303
388.4534987859566
388.45635642008364
388.6889538943305
388.69073101069984
389.03616841042174
390.6109722489162
395.95308004138815
395.95501201171203
396.2293296940428
396.2295273085526
396.6047012926907
396.98541461656623
397.2470286354706
397.6218853669008
397.6249208292668
397.8226188422805
397.82626460826594
398.04899549625264
399.91371166244755
400.0714936643693
400.0720926587034
400.14264640411466
400.14312075699496
401.30111396788277
403.08722069376347
403.1588487251118
403.16050228384574
403.39866703051325
403.40030508392425
407.6483084324551
428.01509548081594
647.1849604711335
