    VS
52.3532714712279
52.35870770030773
52.71051425711309
52.717125838116246
52.927048294087164
53.56649488400844
76.75931599486292
76.7897286278071
76.79975346902793
79.04904282338623
79.06465271644888
79.48460019087474
106.18930849169796
106.20075808163082
108.79643531117797
108.96403048477444
108.9758894550761
109.24111512165338
116.08856404383559
116.10074677254012
117.35711868672576
117.52343199433916
117.5343454950775
120.16150507678717
120.55007379809891
120.56259294922656
121.28518661266962
121.86097791335804
121.87789656328094
122.33206571939476
125.73698123587826
125.74410467423924
126.90476188384599
127.04497907824985
127.05166957321579
128.95320302732281
130.1349181100662
130.14394067227752
132.30608399525218
132.60711903754785
133.13032152407027
133.14946591164446
138.66482922677034
140.0734537289905
140.08081186667707
142.41129763665836
142.57826194538157
142.58241488831607
142.81817022368506
143.02977476584294
143.04275628895994
144.63659570502364
144.64146950626673
149.50834275239146
152.54577172118056
153.2938350032044
153.30706697237622
154.34907111338234
154.35846850471714
157.87956687373574
165.87497694855142
168.2885330557407
168.30110435567082
169.34304162001294
169.37916996244684
170.18147467442063
171.44608957227203
171.45517475496766
171.5018427007846
171.69593623232154
172.65812312644397
172.66029210495321
285.7401437601389
285.7558004516235
290.77470025196715
293.41041432836914
293.41120814215253
295.41650442678025
297.2558687981628
297.2686705283994
300.85570407548164
304.7460679157498
304.74739734385753
309.02193720582443
309.0298180877727
309.09083985031526
310.49660062105363
311.142742109354
311.15348707497816
313.10676610523524
313.53735742323687
313.54597266017197
315.7239018325186
316.5666610456283
316.56916603867893
317.0136060189215
317.19620322174217
317.19832770413274
322.05926550639833
323.88866753541504
323.88964680509923
327.7475141183407
327.75136492636426
327.85335936326896
327.9362547821373
329.2314158437923
329.2371525617169
329.91722642350885
330.5016492053243
330.50189927716315
332.7890379770228
332.7920180582884
333.20016098597534
333.63415996252604
333.6356023543072
334.00223881451996
334.44197970000295
335.6403368626514
335.6422469512056
336.0499519363383
336.0506545934086
337.5728198043908
338.7665769400688
339.0860907847959
339.08887865398043
339.20985785370664
339.8078735869618
340.0421189556913
340.3546387767679
340.3557187081322
340.5649516047364
340.57314012195155
340.7425669881041
341.0838743239718
341.0873897472841
341.9352890825609
341.93712983599556
342.09492051329545
342.1838950744652
342.18860103149933
342.3266259380957
342.62093771374765
343.2682274483008
343.2712373083916
344.12015145631443
344.1322319808882
345.1991587094673
345.2378819692648
345.6109850206947
345.72290085344235
345.72721092842744
346.29819613828175
346.30873631800125
346.5193240901968
347.38171590563593
347.8853274066218
347.8959005593759
348.87019026514554
348.8770878386153
350.6434719202932
354.7457105317222
354.7497115883903
355.1979926849116
355.60830848226664
355.6089538531413
355.96387472205174
356.12776487618123
356.40083264198495
356.40663007879675
357.711227857827
357.72693091153116
357.9406818644865
357.94257668663516
358.2158897126882
358.8708828695223
358.8735862357456
359.84027625087316
359.98397279812485
359.9851024586502
360.40775309358975
360.4090770527418
361.2415197325336
363.8855467640785
363.88669427472956
367.519621084407
367.52145684597605
367.7437569800679
377.2381045437019
387.22718578515503
387.2286687884653
387.3504110810444
388.1250479259803
388.1273030679506
390.63958295828934
394.18121131127435
394.18207443666864
395.3525364083124
395.61020407357654
395.6122072010745
395.9542960840083
396.5523736961605
396.5547940926143
397.1258902105707
397.3577137057837
397.36017621716536
398.5404551167885
398.54195863193405
398.74541661471267
399.5091717396655
399.5109600436188
400.5888752824308
402.1017475322445
402.1052494059885
402.7038495371033
404.2132090140914
404.21845924316506
406.24777212928575
408.56504120591336
428.1866374298154
