  VS2
52.24814712191465
52.294353010609555
52.66372980023993
52.68054181781592
52.996781741261444
54.476336363378714
76.92953854353864
77.94178704817415
77.96802519185965
82.43016333158594
82.43392095746731
83.21761112902885
107.93518054808166
107.95115111479586
111.23614240878837
111.24528282521575
111.25246346523264
112.50722977316582
117.61293524590955
117.64793584250002
120.36067239408955
120.38901140598598
121.28489778736801
123.20764729893982
123.88677291115316
123.8964767725588
125.87461706469735
126.0153605506057
126.47873434614661
126.49193742384868
126.93374609291368
126.93716438650904
129.18909067766387
130.05753099870063
130.0714751030936
132.18817779914716
132.22449721323255
133.52429550598495
136.95452667232112
137.77870032497628
138.65367243299315
138.6870921483971
143.29954932302485
143.31359002322225
145.70162593854417
145.7136886541906
145.81761649581287
146.0411629329443
146.05568365009714
146.46952537839599
147.71604545077668
147.72545626469605
151.70135403082503
154.83046991713366
156.74312389364468
156.7949783638077
158.63043602169546
158.68933064594455
161.67771939327827
167.75274077474333
171.14893027135133
171.1993146101178
174.1182713318158
175.56025894521687
176.39555243761583
176.4282138927202
177.36192393222709
177.37132716164794
177.5804141885573
178.99464781933264
179.02786139136566
180.21924603386663
284.6673484524473
284.6876577531219
287.4730173978964
290.73966461214104
290.7441789315854
298.29332716471845
299.02950780994667
299.0441461810657
302.7927187535579
307.2227365815943
307.23121536838
308.3256260515515
309.09357095825914
313.0706738104396
313.0823885599322
313.2329641858064
313.50627403582877
313.5225337977563
315.6800686141575
315.69012939525504
318.6385844585402
318.6510332807274
318.6635275560156
320.26078030452254
320.2695456773826
322.1795524976042
323.1087120972002
323.1141869843168
323.4238529998874
325.0625558078915
325.0869072764429
329.6556521756087
330.7212699194432
331.18019524865826
331.18363501781624
333.190371739262
335.16108805657626
335.16492032010393
336.04681291959
336.04875962703005
337.4098043079179
337.7142037046072
338.1619474027214
338.1655478122175
339.4927028170247
339.50087996974656
339.7589957444401
340.41281543508194
340.4134569227211
340.65048558493766
341.4256090145004
342.2471936060641
342.2525390037111
342.9701661163863
344.3007030828839
344.6542713153653
345.4299050480667
345.4333218625246
346.2481911450743
346.8736855684855
346.89147100589184
347.01562006309615
347.2870216930196
347.295202605998
347.78661917996305
347.79200869905696
348.5906748176064
348.5960742777838
348.65698587734715
348.8651939297058
348.92360186861777
348.9311426162072
349.26510848801195
349.31746658794253
350.42482645271514
350.4294497185457
350.6104470987318
352.01546945054696
352.0202324744606
352.30092532968456
352.94735857839765
352.96076890921245
353.378784550744
354.91274074122265
354.94222704266826
358.2832057554121
358.3803035389454
358.3942308205848
360.5089974673764
361.9748376476188
361.981919843942
362.11817156104837
362.14390727952025
363.59146088517656
363.72749609999215
364.20761432001444
364.26658266436567
364.2691652418478
364.61721399595376
365.6554941682079
365.6596578678064
365.96409039492096
366.2229497014907
366.2312131231645
366.9765927078794
366.9897773514295
368.5079117134232
370.36639931286004
370.37458231313565
370.6115231792582
372.4103594317167
376.6188403488519
376.63511465694825
389.08162387746705
389.0891797590276
390.7093271604584
390.7120551867892
390.95571778779464
393.74601949286176
395.43284693252474
395.44323483788105
398.452336094756
398.456191757186
398.45731906802536
398.6452362672779
399.70449168483617
399.7091153750415
400.0124835444239
400.75257912156974
402.3736332153928
402.375850554492
403.929397247477
403.9343891836976
404.17267062279166
404.53740604959114
404.5400512356961
405.03514944018036
405.4377884161701
407.30112938881035
407.304163930994
409.02085160216274
409.0266696272913
409.9863655312583
431.128119256388
