      VW
51.216118010759494
51.25476354208711
51.401567911356075
54.13731675332411
71.17176287049043
71.20575188771181
73.60076353656265
74.18059344194549
74.20012388636971
79.85850967040797
82.26096639274336
82.28665026994587
93.65742039852383
93.72574979145698
102.54727722736375
109.03364191116444
109.31118416209421
112.3270293023173
112.33039712130059
112.54255983268831
117.44647712046627
117.46130777805168
119.54678218820564
119.5725545991375
120.93769170977043
121.89329160186706
121.94091558774977
122.497355727856
122.61014294008278
122.63060470655445
127.50340785385507
127.53097733544924
127.73854708590926
130.2980922266958
130.31336110580236
130.32363487359095
133.2015909091711
133.52911144489084
133.5462519146313
134.54259454495147
137.01657603338685
137.0289024343096
140.580949496997
140.597981693554
141.14057682615498
142.9589668840733
142.9929466131832
143.3460520304839
143.3582727091376
144.42172197390968
146.21309285584303
148.5747095947872
148.6059099527351
153.21760090656002
158.08621230385023
158.1065782144751
162.05140124576846
162.0872100298523
164.76935036010335
166.502209045105
168.91237389862556
168.97706631520273
170.6818654883441
171.79287922563523
171.82516015057794
172.31693356405628
173.61810649531293
174.02897161417258
174.03701856288805
177.3766080355455
205.3975750825005
205.41186017920447
226.88485329092387
267.4309028639817
267.4417969844631
286.7006909797927
290.75908236718664
290.76898512002964
293.90054467102675
299.19250665982145
299.1951451375584
302.72348614186143
305.4757437751745
305.4772233891622
308.69261954486706
308.7065979827196
309.2293188344314
311.41349915502445
312.4084622889402
312.4163655994995
313.17261227794427
314.5320175219734
314.67882924174944
314.6817877104968
316.9622417937239
316.99312741541837
318.330506723793
318.33328791737387
318.4079816036667
319.72835167543957
319.73776894257963
323.94529170589954
328.6202674446062
328.6290142329769
328.7445461691847
329.5165704351563
330.80493121252243
330.8233451185433
331.75936624215905
332.2171719747018
332.5953599793261
332.6041777573344
332.7588850502757
332.7631072460628
332.7827764442816
333.96812705602633
333.97610101147126
337.40463265388655
337.4104957416088
337.5795261457949
337.58469028856103
337.85261854712013
338.62663266245323
339.5094683683126
339.51272640348105
340.0251757973423
341.45213765914264
342.2787230245397
342.2833806864284
342.3406137905784
342.8587644983679
342.87560194284515
342.95765017956336
343.663258802673
343.71729267832757
343.71923339658423
343.7838138290537
343.7889287529336
344.19130463933556
344.22448175278555
345.410972197566
345.42525872143335
346.0361115654402
346.7151306602213
346.7585695316375
347.3696083942574
347.39783049374546
347.5616384238361
347.56668760434593
347.78914185978033
347.8004011175557
347.9033882961115
348.8535624575679
348.8582452534596
350.986983872229
351.2031574473257
351.5028367208129
351.510329509907
354.9361930681319
356.6932027453325
356.71155649352414
356.8189249816375
356.82524630829346
358.27361110000595
358.279721799715
358.3823062069209
358.6881796880489
359.3754961763642
359.38679819709
361.118541381289
361.22105257784943
361.2244184233264
361.78734356113364
362.19591647066005
362.20037678827936
362.75159028233736
362.7555733878857
363.0397615728194
363.0585224643495
363.1555428388148
365.18802495017894
365.80539810171814
366.51224641587356
366.5172987888664
379.32914454294377
387.2902902843645
387.3771487386195
388.39564583922765
388.3992259016806
389.6894363340099
389.6988003058127
393.44867533599324
393.8064358778562
394.06437111801944
394.0670813006539
394.89035281005187
394.8985347799509
396.2166143652151
396.22137786007306
397.2655395543695
397.26962138609923
398.2689076141439
398.27439888916433
398.3152312749449
398.7784213831243
400.8716125492631
400.87372703146593
402.0892917956841
402.4234270110663
402.4250747027444
402.77988240834736
403.9050331263186
403.90938465049874
404.7000383700324
408.53062411525934
425.9139733615035
