   w0
52.390650133104
52.607366493284
52.729336274509
53.015694585078
53.196711807227
53.330732986807
77.700109838236
78.828152124244
78.861247512892
79.050064437900
79.110686033730
79.328832592396
107.20460055646
107.29214531521
107.40478998549
108.50336354556
108.63386345929
108.94513630972
116.72527460207
116.94678577098
118.20549095082
119.40264471397
119.42630796984
119.66292353634
121.29099984428
121.32499014891
121.86581056648
122.50885092456
122.57617357898
123.18830527019
124.58231353796
124.63478790894
124.82320766342
126.81511393687
126.99095096195
127.00950608824
131.23535827447
131.34303124237
131.43853968901
132.02791465417
133.07229890137
133.13079520910
138.31393538401
138.41085893127
139.48797368599
141.29998389274
142.19569281713
142.26131869789
143.01578066156
143.05241594366
143.13967628978
143.33247812907
144.75653216995
144.80873754761
145.12808849994
153.87570281401
153.92718634728
154.42844939710
154.49936436046
155.45316044699
156.26283620179
164.98396896874
168.48190148363
168.54708272620
168.99213528113
169.12414874895
170.22183613411
171.31889646593
171.37009633956
171.74818527064
172.19301295886
172.20259995978
172.39747114002
201.31106288617
201.51118480181
254.71401573742
255.60231758572
256.44485403748
270.29462330653
271.20852943863
276.92723172263
290.58404052677
290.94028277428
297.22206958275
298.79757774580
299.04512356736
299.79336388147
305.59228093276
305.81664655810
309.44885772027
310.58475252398
310.64235551861
311.14118105440
311.56643660837
314.05329583382
314.16288221854
314.9772199135
315.3073886400
315.5848483836
315.8595562923
316.4877812231
318.9374414340
319.5272006268
320.7304603593
320.9602562504
325.0375231080
325.6369361186
327.1716518090
327.4748851486
328.5944584261
329.0761775438
329.7226615652
331.3622746403
331.7157874997
332.3595971867
333.4496052341
333.8328751941
333.9037994941
334.7476900850
335.8128181276
335.9322280228
336.4968694564
337.1815618729
337.8976603648
338.3660831801
338.7344274677
338.8548329455
339.1956309035
339.7409312191
339.9494881907
340.2082290886
341.0995568681
341.1487560695
341.3042379665
341.3316695766
341.3958712088
341.6756725776
342.4125404625
342.5035895821
342.6347456436
342.9634086340
343.2411329465
343.5416891715
343.9096776405
344.1941546362
344.7247001813
344.8811557671
345.4515789071
345.6190344950
345.9415438259
346.2257685536
346.6083103358
346.6771652844
347.2388777983
347.8032211070
348.2426170050
349.0317272471
349.3789165298
350.4966643143
351.2097459238
351.8627082107
352.2182142269
354.1924670046
354.9422263805
355.2030333109
355.4349466419
355.7187055432
355.9277927571
356.2569407878
356.6593551391
356.8337897359
357.6930407590
358.4703182922
359.0316103919
360.0777073466
360.1509980624
360.6404171636
360.7982701174
361.0819906221
361.3150996037
361.4817455114
362.4484804523
363.9937552068
364.8360348550
364.9565348470
366.8292478870
371.0555344302
371.6562003119
375.6160708388
375.8573764750
377.3953000626
386.2073653371
388.5549495412
388.6482123924
389.3949503928
389.5190066714
391.7643919943
392.0687449123
392.9136254337
393.5772052480
395.6844707575
396.0264311511
396.3094312486
396.8220265254
397.0723931796
397.2697202010
397.5883484611
397.8928229182
399.6460140638
400.0505954895
400.2692124228
402.2825044908
403.0237187378
403.8557841149
404.2940704077
406.3349924856
411.0736923652
412.0325910669
414.4406074343
418.4938111057
419.9464315401
431.0236863807
