addS
59.856610383757
59.868297238568
61.443279144834
62.336060190193
62.347232118365
62.388664851426
85.317692257797
85.325705694086
91.826071825263
91.833151195335
92.198964142993
92.732669836068
98.165535727943
98.169358813244
128.58303365462
130.18683688075
130.31554696823
130.32094409252
133.84600525204
133.85001726513
144.46625917410
146.19227558354
146.25803253284
146.27207078644
146.48382469545
146.54510997230
146.55570215997
146.78322779057
147.16294509981
147.19588124106
147.99771834855
148.04143958731
151.93057277792
153.48778446448
153.49775825525
153.67933399896
157.03944552043
157.04816757514
158.39450103767
160.37792471800
160.38366504964
160.41501180542
162.79149074037
162.79617081564
173.18734357721
174.07751990067
174.16231112146
174.16534659106
175.96948128862
179.89167090883
179.90442874620
181.80828045607
182.36610373910
182.39213720838
185.10573507149
185.12147886309
195.42125542581
198.34893564409
198.35905974598
199.00863474424
199.53501298135
199.54383500906
216.62932126526
222.14818708110
222.33973347368
222.38119445997
222.84704856692
222.87773784255
223.22407234171
223.66209720899
223.75396396779
224.34082920829
224.74410984999
224.82668211537
267.53589634419
277.72940789192
277.76934888459
285.92127307908
286.22560660469
286.24798767167
286.64870751085
287.04348330313
287.06525415451
297.02138481106
297.16982301846
297.19865235069
297.28271464288
298.16615763291
298.19437761625
301.87614985991
302.39665111937
302.45964722961
302.47180798246
303.33415151867
303.34692824334
307.01242118659
307.0224875420
307.0236222304
307.7552880494
308.2132186510
308.2228452930
314.9920262835
314.9968553756
315.5920127979
315.5976142318
316.2152467249
318.4440988745
321.0988786520
321.1035569500
321.3785718987
322.3976664378
322.4005447580
323.3474338404
326.9757000573
326.9814490707
327.4051718326
327.6389480382
327.6417748118
327.9154101070
328.8397234750
329.6876241968
329.6899697860
330.5502993188
330.5542170494
337.3027868593
337.3096009973
337.5549993878
337.5659116236
337.7702985956
338.9689507832
338.9806404194
341.2601820198
341.3820820284
341.4168842938
343.2837722793
343.3123400759
345.1226754879
346.4105361532
346.4730809285
346.5084820253
350.3546843091
350.3783196632
351.7146672979
357.3340146179
357.3524030808
357.4535824529
358.1513354829
358.1986742548
358.2233481996
358.9850848467
358.9990241215
359.0098519873
361.1106114954
361.1134981433
363.6897851721
366.4136917956
366.4598619421
366.4714392030
367.2345362080
367.3668829944
367.4513267666
367.4634800297
367.6821119923
367.6924912122
367.7036102402
368.9974009517
369.0067266405
369.6088437909
369.8777835518
369.8811398086
370.2130122614
370.2200025652
370.6880295444
370.8341409648
371.0009357485
371.0031867859
371.2185558143
373.1614450343
373.1671771702
375.6373788242
375.6535745345
381.6931084579
381.9178613614
381.9393960668
382.3352825225
382.3606398359
382.8698953751
388.2804894202
388.2863407349
388.4121340202
388.9280024256
388.9323211147
388.9742992419
390.3551315163
390.3824113909
390.6635265768
390.6908293936
391.0599660586
392.8631648002
397.2617968878
397.2875507386
397.7383369206
397.7957170471
397.8244711195
398.4143782257
399.0676029627
399.9672857525
400.3922353251
400.4386470354
400.7439192872
400.7874447993
401.3368250260
401.5192148011
401.5463149228
401.5776734274
402.4805662040
402.5099928080
426.5842362811
430.1680295448
430.1724714225
430.3807804031
430.4996959974
430.5040736627
460.4202634658
653.6646612186
