      x
   4.3030543
   4.0497805
   3.7623812
   3.4422999
   3.0909918
   2.7098751
   2.3003051
   1.8635619
   1.4008467
   0.9132822
   0.4019154
  -0.1322781
  -0.6883889
  -1.2655695
  -1.8630287
  -2.4800276
  -3.1158749
  -3.7699233
  -4.4415655
  -5.1302310
  -5.8353835
  -6.5565174
  -7.2931560
  -8.0448491
  -8.8111708
  -9.5917178
 -10.3861076
 -11.1939772
 -12.0149816
 -12.8487923
 -13.6950967
 -14.5535965
 -15.4240071
 -16.3060566
 -17.1994848
 -18.1040429
 -19.0194923
 -19.9456043
 -20.8821596
 -21.8289473
 -22.7857650
 -23.7524179
 -24.7287185
 -25.7144861
 -26.7095469
 -27.7137329
 -28.7268822
 -29.7488385
 -30.7794506
 -31.8185726
 -32.8660632
 -33.9217857
 -34.9856078
 -36.0574014
 -37.1370422
 -38.2244097
 -39.3193871
 -40.4218610
 -41.5317214
 -42.6488613
 -43.7731768
 -44.9045669
 -46.0429334
 -47.1881808
 -48.3402161
 -49.4989487
 -50.6642905
 -51.8361557
 -53.0144605
 -54.1991233
 -55.3900647
 -56.5872071
 -57.7904746
 -58.9997935
 -60.2150915
 -61.4362982
 -62.6633449
 -63.8961642
 -65.1346904
 -66.3788594
 -67.6286082
 -68.8838755
 -70.1446010
 -71.4107261
 -72.6821930
 -73.9589455
 -75.2409284
 -76.5280876
 -77.8203701
 -79.1177241
 -80.4200987
