  VMo
21.8260738807812
30.609905232967336
32.098164230509326
43.95579013709695
61.761784106836814
63.948371949380864
72.52539452769307
77.09381227373441
81.56895907056743
82.80479261016222
89.49035110084385
92.10552680157313
93.1431854356449
96.75592198424488
99.42819127001987
104.39227638045482
113.81836417952127
118.33587889222699
126.20287723252025
128.2838378338061
129.8306467122571
130.294869355741
133.54668234875615
134.94555718286477
135.67398157222118
137.57885740710418
141.35704039588052
144.95608989172558
145.5483822542672
146.02311245643804
146.18351092131786
146.3219147668367
149.55335831359838
150.46477371811795
151.04309300422844
152.75935496807836
153.28544399076284
154.4558732810931
155.42628334490794
157.3301145569588
160.36695040669932
161.27490106527242
163.32749223802614
164.59013747721943
166.44920634022535
168.85791832820507
169.01257015523083
171.29127041294342
173.41885252845498
175.35496336270498
177.70701239040096
178.69274011389365
179.61127611108006
181.7566132733146
183.24324612066573
186.38371699345575
188.5741054167975
193.45324487381228
195.29953385123068
198.45045830670503
203.23357228626347
204.95302372615868
207.82272411174017
210.88354225568887
214.88801762079595
217.0139766437198
218.33978538530002
221.5277965416055
221.96412150489695
222.6468169998817
222.8795679554631
223.47823425153456
224.8861865972413
229.01047234860565
232.218441189353
240.17541703675622
242.67536716177767
254.37050289163327
255.80933604811486
278.4584108876155
278.97095444659834
280.7005039427506
284.97246695470466
286.24425119957203
288.95325189553125
291.42225629072
291.6323156344545
291.9077149884546
292.19498912981066
294.17852572456854
294.6013650783345
296.00570399488964
296.0608783261175
297.1841890966662
298.39248831473594
299.08018894210767
299.97480495787437
302.6823523939828
304.66594012598557
305.1996115373952
306.2219591739685
308.97826769655126
310.5805456402482
311.7661874733082
313.570795059601
314.85724148933014
315.02544271529416
316.9707598671055
317.43570580968196
318.91318179160845
319.34893792490965
320.1074482445798
321.8253319299039
322.82009737901814
323.5273113744426
324.15610611216005
325.23030679141226
326.7357567537511
327.1865573085318
327.6989362966484
328.5705102694479
328.857409098296
329.0987101096742
329.78590530438834
331.6678383771939
332.3284314932262
333.60520576265077
335.33144026339113
336.6505257196191
337.228647284716
339.1618097243044
339.34562349910175
340.0440559912827
340.2540431816188
340.8750245209433
341.0611018818772
342.2885876108274
342.99826229530805
343.979846748003
344.66688689695115
345.9749775833204
347.0193715793765
347.61560779277426
348.35695504398336
352.3589958078134
352.4461510811884
353.27190534527375
353.66902467534436
354.01998846243987
355.9040479248643
356.47396558061047
357.40829101408235
358.7580207954587
359.21444019051853
360.22080689184946
360.6087018813468
361.9813441816298
362.49598135359867
363.35472273434215
364.34268717017227
364.53452783482106
365.3724339450404
366.40022288500523
367.0463955372034
367.2370143758024
367.6239252273793
367.99505600896737
368.06945982714456
368.79457716974525
369.1142066585617
369.8216586922924
370.00823535622675
370.60912078364964
372.42181201066495
373.07207575711203
373.46905482886797
374.2007660734939
376.48765989836573
377.6346056455873
381.311193799986
383.70691126201376
384.22709494953745
384.90512401474376
385.4053546799607
386.05031402378927
386.8046114655609
387.3176636790642
387.64130976705826
388.3555027726945
389.093753298367
389.70234136776793
390.5675952789728
391.85792927481185
393.0449690221223
393.4980513417351
394.77128108346807
395.1456037518691
396.9548838572541
397.6661533832952
397.7301693002237
397.9954516127707
398.05721759086964
398.83082880120236
399.12163146754676
399.99162658401093
400.49458091055726
401.24922329143595
401.3707412566715
401.5660532738461
403.18728212379926
418.0785320594544
419.0883516001887
426.05663014668806
427.4217021820171
429.3134579187303
455.63289077884
