VS
61.3810373326646
61.3879807691176
61.6815055027285
61.6905254464572
62.0269905556746
62.9153207393639
88.9308300639969
88.9453428080062
89.3187225555148
92.3417523178223
92.3529511652408
92.5012667810597
125.901885715827
125.912734947683
128.275203616323
129.040398909537
129.040933665970
129.227781252252
140.464232986527
140.493337908131
141.014896350974
143.119751682167
143.667037715838
143.695993843454
145.423245779992
145.430085053182
145.659286941447
146.285823804656
146.290958714691
147.213909499436
149.938177345920
149.950336120985
152.283796408385
152.366839092586
152.371081710383
155.505795216509
156.475711576604
156.484908175391
160.175611319459
160.425823904572
161.414594937950
161.427628266871
170.233274105864
170.239432575846
172.678419434738
173.091823577675
173.430302625327
173.433420398996
174.837153568074
180.290324930483
180.292455644697
181.431356952627
181.433040596627
187.659848705536
193.573125364078
194.778240213446
194.793759830136
197.575853329083
197.597262990900
199.318412502974
215.641706960009
216.799020200350
216.805495050694
220.910866695781
221.997810854793
222.036753200298
222.270207990239
222.496408169426
222.500182384986
223.818881700837
223.834486005380
224.158831502699
275.771015282100
275.807697292146
280.482617578915
282.814442531293
282.830365736537
284.132029304715
285.481841745769
285.504355783962
289.715929462798
293.306753416449
293.319011408719
295.119476152555
295.770213353404
295.789183193083
297.836326634409
297.852757416493
299.856672390086
300.117699297240
301.985728786833
301.996307917471
302.934383233426
305.965731074046
305.975076018854
306.856052522854
306.86557107775
306.87029519564
312.30232175584
312.30718934558
314.74697715840
315.03908373350
315.04296434248
316.39581713970
317.08741106919
320.32404766426
320.32647741190
320.52556138340
321.66023507872
321.66492962489
326.16799169449
326.20376681503
326.39624950232
326.40225631967
326.87956814974
326.88248212390
327.48514104031
328.01838757467
328.02271311080
331.55632702914
332.43883393745
332.44490607572
334.13984554560
334.60728596819
334.60911109535
337.75469833026
338.12279425744
339.79214711670
339.79456857773
340.76402228707
340.77014637755
343.39229482301
343.39902078233
343.66748261781
344.33758514528
344.34037226334
346.99879456839
348.28097353670
348.28760021122
351.92164286561
352.97836680345
353.05381217575
353.05716494051
355.54692173884
356.42101171514
356.42301848655
357.66065913054
358.02035390399
358.03469202945
360.24194577801
360.25256881579
362.00416533647
362.76462231391
362.77223981649
362.82926657394
364.75966698616
364.82203728169
364.82757931269
365.30861839795
365.31687878220
365.50831510405
366.55959024666
366.80503067305
366.81869708133
367.36039243794
367.78473258214
367.78864129797
369.11547730232
369.17594530431
369.18066357373
369.76243913471
372.31668387982
372.75638810756
372.76081108691
373.61892398332
373.63040182383
380.82007256728
380.84136304708
380.90214883984
382.73900282055
382.74441932357
384.59600748881
386.11632357492
387.88527119683
387.89049884062
388.60764247436
388.60926185525
390.05149227398
390.05208356013
390.36911698190
390.38570356066
390.76770143423
390.77222082934
395.06137001687
395.06770331252
395.72703857939
397.12257333923
397.14397361583
397.34048948458
397.67295118613
398.64172786904
398.68087125857
398.94884782656
399.34609857193
399.66047715017
399.67271446112
400.30414870075
400.47844535785
400.50051126144
401.62597229612
403.42209118914
403.44408514257
428.68705139496
428.69247644288
429.15955942974
429.16142754442
429.62005392781
432.04957847778
459.94121200084
