     VS2
48.8048497569646
56.7660863023891
61.6176719392739
67.2078988703184
68.5588963547418
70.5412467482702
85.2936443004285
85.3375605128614
85.8584845315278
92.6519729244713
92.7758952333478
92.9581577398723
119.243525053345
121.698078306756
126.527433948088
127.599002451993
129.273896665565
130.590988759049
136.010739914270
136.110877313891
137.779102070325
140.052632359896
141.407100226099
141.520497336248
143.698213418397
143.865943108504
145.259469343563
146.6325396771 
146.988719763235
147.051293316308
147.110819862663
148.498546933461
150.182489617801
151.406570779892
151.906788404335
153.812568096757
153.891358680895
156.892800497976
159.875749236355
160.976130430740
163.522219515192
163.567661717566
168.820983381761
169.164720363821
172.516655678058
173.307866639968
173.383520847536
175.651005893843
178.696519316367
178.731563068221
180.019962634032
181.330017154336
181.711332740598
190.200298099877
192.891253451671
192.947636107396
195.473393722684
196.819175550093
197.173226407295
201.671473247365
216.424726900422
216.521582628340
218.017282037062
220.694618763979
220.761111742583
221.763647893359
222.387704153547
222.911117727183
222.956552125743
224.557294969215
225.352484809893
225.466016756020
268.869627916599
268.885258685457
270.122612479340
275.902287417958
275.90967658862 
281.568148124754
282.305465955314
282.319263494690
285.343768474307
288.688154242184
288.811857851443
290.481456171273
292.493582194167
292.598415407589
292.891364483198
295.850861981611
295.874634198319
298.808415334198
299.430841289684
299.435601460892
302.694163889160
302.769491018552
302.798415010890
305.555218301906
305.85075373828
306.88630881822
310.63398553332
310.74515950965
312.85776565977
313.80871319019
313.87768887857
314.40401888265
317.47275096034
317.69299879013
317.98794860207
318.07048685287
318.33876355769
318.36006055780
318.59425451999
320.58129510851
320.65168660235
325.52874475665
325.57517193972
326.06536747874
326.13112957146
326.14454776575
326.44437134559
326.81634201063
326.85970865238
328.32936429624
332.22766191546
332.32909946126
332.57551207149
332.85787088371
332.93486493391
336.41060024500
336.85539295531
337.48648282414
337.49723222637
341.79102370210
341.82396372363
342.26094506219
343.23541119243
343.26117468156
345.48047047268
347.62889752712
347.67479207090
348.63158822506
349.03669688065
349.94717428301
350.03026879615
355.32792288285
355.35482538743
356.05128978178
356.61876833779
356.66024703910
357.13303789979
357.95063096276
358.86223181295
360.22847293212
360.26565671468
361.82119551655
361.86774690477
362.51502917289
362.73991400480
362.88828246049
362.99801021689
363.14315162483
363.28557587171
364.08531055890
364.18146389525
364.34009914376
365.11645884302
365.48262076739
366.14256360673
367.35559922677
367.40994625227
367.48663181306
368.10681539104
371.21460616272
371.69383084984
371.77083876228
376.97634794155
377.15419473330
380.64217134366
381.53750534731
381.96057728831
382.20901769720
384.81258173377
386.33207561448
386.92605741837
386.99511237959
387.06143297507
389.61589755616
389.63918263579
390.16186885865
390.38895443454
390.54043112123
390.88065225606
391.68065246099
391.76308405265
394.44284501193
395.78003332966
396.30517569706
396.71272410958
397.15195693666
397.42180850505
397.59177681998
398.33562032709
398.40825803945
398.46051855661
400.49523891083
400.62688842477
400.79929695285
402.73234239355
406.76151960649
406.81004434926
416.84165587474
425.96112806031
427.42964813350
428.12371760964
428.80795688247
429.60832507426
456.10392679279
