VS22
60.5142057969
60.7568626657
60.7818952627
61.2850791979
61.6009214577
62.6809988669
86.0398374749
86.5563771468
88.3696904280
91.1524110132
91.9078959158
92.5853194101
121.943309590
122.904840614
124.929204533
126.178575224
126.443866104
127.580384692
137.064162278
137.856594849
139.285474643
140.486996366
141.903589916
142.381187383
142.648487669
143.387381467
143.754960981
144.109689550
145.133102366
145.835733233
146.876347036
147.629132814
150.426315531
151.180081770
151.832570928
152.462427264
154.030591013
157.566755216
157.645100662
158.401940085
160.047950214
160.977715559
166.755120987
167.026621938
168.724706482
171.386329828
172.032916401
172.837606583
174.045698810
178.115610425
179.398570635
179.597322957
180.519780829
185.723603458
190.704074446
190.742170071
193.546436484
194.583922993
197.176106268
197.568122032
210.917423902
211.961157687
214.685940239
217.032293831
219.788778118
220.661224941
220.964783299
221.145000452
222.375299766
222.639084744
223.015124437
223.895945774
252.894521048
274.433386968
275.709619429
277.791713915
280.204557171
282.558168231
282.770981206
284.908808280
286.484619277
288.960707826
290.277550487
292.170447269
292.417182848
294.171329649
295.341877989
295.452311842
297.472619855
298.537486441
299.715339567
300.392171730
302.475749002
302.874434396
304.722798439
305.013612820
306.174917062
309.177162227
309.208340726
312.118657822
312.451341059
313.627096677
314.099347873
315.740607047
316.106314163
318.929069378
319.492711444
320.288559322
320.441281751
321.223894063
324.152736841
324.871326571
325.389659928
325.483962006
325.715995509
325.960633780
327.109804733
328.706019953
328.733942816
329.390029787
331.525548779
332.167243502
332.760814490
333.196517368
333.839690924
336.662239643
337.558160841
337.935604277
340.112493433
341.580366642
341.749687042
341.830065433
343.010050045
343.089926550
344.925126221
345.673793924
346.237460367
347.658130560
348.491397958
349.264653411
350.593105560
352.327183804
352.527878626
352.989397295
354.441062555
354.882761569
354.884691119
357.921895562
358.428280487
359.500176370
360.149317698
360.278461031
360.989258895
361.864888091
362.362627990
362.577911164
362.607512440
363.071290327
363.093792081
363.120311684
364.060703148
364.459288697
365.309343969
365.760921822
365.992876837
366.219555075
367.271524603
367.732798073
369.496981525
371.164575007
371.424788803
371.806160153
371.968874604
372.473021023
378.606104600
380.126475036
380.145567639
381.484468107
382.477962367
383.480849948
385.045278668
385.886996799
386.064482768
386.767292663
387.866238441
388.758930362
389.365469197
389.774185231
390.440689810
391.004693285
392.624575870
393.347000285
394.799095909
395.783523571
396.566210899
396.844590686
396.918151249
397.089833464
397.924858649
398.202325910
398.428475183
398.659742097
399.158760845
399.567897465
400.172983475
401.616608022
401.724160270
402.808739728
403.680224647
424.504269304
427.138511724
427.375237049
428.463967075
430.024932641
434.418235897
458.658690824









