   VS
61.625608701437
61.651977586722 
61.926572942061
61.943679788748
62.347448646356 
63.226308581586
91.053760150824
91.309122851913
91.337321712125
94.530200661059
94.767447446833
94.838942550390
127.45088533965
127.65200771674 
129.99272159589 
130.67300126872
130.90027620693 
131.51612330338
143.27978683615 
143.35173426495 
144.92357056175 
145.47513722715 
146.34795285653 
146.45555805735 
148.20279530701 
148.29389931255
148.51433219514
149.10516469280
149.38253974633
150.74273885489 
152.54161613768 
152.76449824189 
154.67483785060 
155.10663845254
155.24061632255 
158.27511948116
159.61370232222 
159.73989978156 
163.65053454795
163.80976955420 
164.55513416430 
164.76930271580 
172.89459463219
173.03202952603
175.79393767326
175.92666837231 
176.25784246130 
176.34226653091
177.93365458489 
182.78061226462 
182.78831522859 
184.09425909371 
184.11021074048 
190.47251963819
196.92004482087
197.93556413586 
198.14595327069 
200.34557855593 
200.66810708753 
202.49108073988 
218.79181664913 
219.85563180832 
220.10098335975 
223.23587320562
224.55615410055 
224.92806791353 
225.00415582008 
225.12399023669 
225.20591715376
226.52887419379
226.85445046266 
227.17713512372 
277.61503278522 
277.96899797641 
283.10605866297
285.30188108459 
285.41124278406 
286.65581325928
288.00739673245
288.05327740695 
292.71330851293 
296.47246149654 
296.48245758451
298.38334886895
299.06224956871
299.14363244828 
301.22107858961
301.23523717575 
303.37892386222
303.46616407305
305.47960175336
305.60230933961
306.51185004275
309.26395659001
309.57777434251
310.11964055522 
310.39744535354
310.46280214560
316.12239147046 
316.19654602338
318.66864348606 
318.80853399570
318.93502428607
320.45618306928
320.96934678303 
324.30574630828 
324.36293672403 
324.59860123837
325.66290986123 
325.76351589912 
330.17778043167 
330.23824797404
330.59324810437
330.71827500056 
330.90938393402
331.29950215896
331.74761758986 
332.10967457057 
332.48676560478 
335.42441433256 
336.16260701237 
336.18481249199
337.81557817012
338.59530103303
338.71869574051 
341.69466269422
342.20636885449 
343.20494482614 
343.60898968561
344.12034868894 
344.32900341542 
347.08726461795 
347.38506213130 
347.44402209482 
348.22431117200
348.50915419168
351.04513896235 
351.49221483999 
351.77275845077
355.62249805425
356.00315457105 
356.22646731298
357.46143343590
359.95941987890 
360.35081227532
360.82269261682
361.00721382832
362.11095975709 
362.40516922605
364.88126641903
364.89688648963
366.12065358783 
367.21677057877 
367.40118696111 
367.49772143513 
368.96497533379
368.98134271206 
369.99808756252 
370.34452880672
370.45647797392 
371.11385625071
371.42562930547
371.84899701494 
371.88245777365 
371.89409210694 
372.17774304194 
372.36496120265 
373.32583634859
373.90645834060
373.98234871433
374.79375458557
376.25209997942
376.78849567038 
377.35309043508 
377.87920598891 
378.06663695288 
385.09714043302
385.13365898632 
385.24689768871
386.95972901579
387.04550867230 
388.68028348872 
390.29488324776 
391.07709836113 
391.16882722073
392.81246493939 
392.82429952500 
393.10497593483 
393.19499036871 
393.44026489274 
393.49739963776
394.41889722833
394.49202485098
398.12328254987 
398.27068303359 
399.34946454398
399.67325661117 
400.26926062747
400.38630331796
400.67798982241
401.75325752555 
401.82277928398
401.87030245605
402.59275187875 
402.95593649644 
403.00047437549
403.51342696636 
403.56618519568
403.62522631393 
404.44943888543 
406.61403417484 
406.68643366918 
432.37444461277 
432.38025616162 
432.66028889964 
432.67868050248
433.08751351284 
435.42217873127 
463.05865526081
