w0
62.2836284012
62.2854006596
62.2859236742
62.2888258664
62.3075191932
62.3099481486
88.6890789013
88.6897607464
88.7062352832
88.7067586912
92.2977026144
92.2989645981
130.003129750
130.004168211
130.009166089
130.009544769
130.015951100
130.017348473
146.416342049
146.416849134
146.442433022
146.443642158
146.522808898
146.523235981
147.221075540
147.221922903
153.236492445
153.237024373
153.257370324
153.258459472
153.268817218
153.270443666
154.533329905
154.533585911
154.558035197
154.558964003
160.418131128
160.418578209
160.857026013
160.857620801
160.860961703
160.861583854
174.068508839
174.069238184
174.081757640
174.082253025
174.086916487
174.087360355
182.286322420
182.286920242
187.193405869
187.193931314
187.218603322
187.219004093
199.295645139
199.296637670
199.564712908
199.564919794
199.630450428
199.630504773
222.232305494
222.232435387
222.258515796
222.258751652
222.312182395
222.312530465
224.929350394
224.929675707
225.690458941
225.691733400
225.771949849
225.772838286
277.778609852
277.819584844
286.392441276
286.392523172
286.409505084
286.409528776
286.432110850
286.432142429
297.116141291
297.116167921
297.134875037
297.134895292
297.163975701
297.164034626
302.295891084
302.295955750
302.310715597
302.310746619
302.317543397
302.317679167
307.135017160
307.135209258
307.145110306
307.145338891
307.152688591
307.152773500
315.099729084
315.099772106
315.104350868
315.104433796
315.111976667
315.112009824
321.337632451
321.337692944
321.340753449
321.340875680
321.353236512
321.353342402
326.892553578
326.892614808
326.896601095
326.896642725
326.904628475
326.904655213
328.738881381
328.738937360
328.739776103
328.739814816
328.742034973
328.742079092
336.564434234
336.564441286
336.579117922
336.579190182
337.467043293
337.467060166
341.135431277
341.135461517
341.153825581
341.153888938
341.630835112
341.630874686
346.572279727
346.572369958
346.619045139
346.619137804
346.632911471
346.633009316
355.590547338
355.590675745
355.610611321
355.610895905
358.146297060
358.146387937
358.148437790
358.148479938
358.167996187
358.168171324
359.120762309
359.120995087
367.576112023
367.576227004
367.599720871
367.599907699
367.631104824
367.631365713
367.657378082
367.657507726
368.438453245
368.438545821
368.504341476
368.504449284
370.458240786
370.458544133
370.952635805
370.952888356
370.984688418
370.984750054
370.987746658
370.987860496
371.294423516
371.294484043
371.308473701
371.308731283
375.298977427
375.326019078
382.547036446
382.547265001
382.587250215
382.587495488
382.594831032
382.595363447
386.374568472
388.729619482
388.729776275
388.770947895
388.771211800
389.000443562
389.000561418
389.001946806
389.002059240
389.020219343
389.020805312
389.625783705
389.625864431
396.387508090
396.387681232
397.410149643
397.410260809
397.442091892
397.442324637
399.467453270
399.467493866
399.532600745
399.532802374
400.031179863
400.031410608
401.767058470
401.767310901
401.979102029
401.979140040
402.029346958
402.029440334
430.484361285
430.484435029
430.491582723
430.491775698
430.492695884
430.492967479
461.648427544



