   w0
63.016978701874
63.030251641989
63.045803032118
63.058043391468
63.086523538036
63.100863148949
94.344338091596
94.346210980964
94.677280557968
94.677844562872
94.776384627040
94.779844984511
131.82959366493
131.83492089431
131.94608332310
131.95682373443
132.47486917212
132.48568806541
148.65895984289
148.65930565438
149.04743913747
149.04766639748
149.17005913653
149.17134784734
149.58016543511
149.58590340178
150.27636372753
150.27762147975
150.52664950313
150.53515837207
155.89939663308
155.90070287619
156.41612451253
156.42459384739
156.51956397471
156.52704090936
163.61815925491
163.61941645441
164.00330417560
164.00843348955
164.11680222874
164.11742372074
176.65999036281
176.66564845622
177.12008756177
177.12929920607
177.22039023518
177.22759611760
184.73059366554
184.73301538048
184.74144114696
184.74300108436
184.94004416030
184.94096699538
201.07869096342
201.08588653762
201.39217997430
201.40009525463
202.18993845190
202.19201943408
224.71822506714
224.71967657348
225.03674228765
225.03764489007
225.15891914395
225.15924024999
226.67869145246
226.68581747489
227.18761550391
227.19316735216
227.38388746228
227.38524789303
279.53602562008
279.92482291499
288.90106272745
288.90183844598
288.90213718839
288.90287915933
289.02921939378
289.02957054163
300.39795233577
300.39808203935
300.45622667525
300.45627960068
300.50932204417
300.50979597102
305.73676420855
305.73823609124
305.94873730439
305.94955479847
305.98619019482
305.98664473705
310.22443763725
310.22528034639
310.73801593805
310.73862364341
310.84490727345
310.84727447776
319.01053081842
319.01134078996
319.04397437139
319.04436991952
319.24446928607
319.24533575031
325.21097857844
325.21121215580
325.51658169135
325.51711019980
325.59244328906
325.59525604795
330.96366020168
330.96933702513
331.06708996304
331.07139820215
331.51732797053
331.51967572457
332.75731428330
332.76059555860
333.43750940832
333.44132180015
333.58516933178
333.58517787626
341.44527289887
341.45122901226
341.87391919050
341.88146834735
341.94335396079
341.94725887819
344.55901656021
344.56204247934
344.77224957190
344.77598920776
345.39464324667
345.39646369560
350.15952652226
350.16570747080
350.76751491814
350.77364788281
350.81148864191
350.81238502015
360.51367680596
360.51512344505
360.75902482826
360.75960844384
360.86448957789
360.86775956940
363.53663100296
363.53690928984
363.62526986168
363.62539551541
363.98586812230
363.98669242793
371.87758004562
371.87992092776
372.52173925835
372.52354413825
372.73873754024
372.73965482888
373.47143601721
373.47686834644
373.57500695554
373.58079868022
373.76731993489
373.77149874851
374.02436310064
374.02513394015
374.13288345759
374.13406099637
374.56253300271
374.56311652818
376.20190984208
376.20567982850
376.35305960036
376.35446502852
376.38119367451
376.38560646904
378.22073914233
378.95563061704
386.84837355423
386.85282576668
386.87332743749
386.88000424721
386.97521654267
386.97812047344
393.09278844802
393.09380827032
393.12120565281
393.12643889425
393.20338306903
393.21117886543
393.47442861289
393.47637369610
393.53286849423
393.53329178399
393.53406884908
393.53452323194
400.17106801904
400.64505460065
400.64703760054
400.70871405184
400.70908898826
400.92572542077
400.92636108048
404.0372069207 
404.03802672510
404.07659636074
404.07821460266
404.09919280374
404.10332570143
404.33779379906
404.33992653907
404.46737896307
404.47200177351
404.50551562586
404.50990944711
434.00819255521
434.01316457913
434.02033801574
434.02127953295
434.02366906070
434.02399521956
464.40123552837
