-0.70284993727456
-0.04745676452367 
-0.02143314840899 
61.38103733266389
61.38798076911725
61.68150550272674
61.6905254464569 
62.02699055567446
62.91532073936377
88.93083006399785
88.94534280800639
89.3187225555153 
92.3417523178224 
92.35295116524078
92.5012667810597 
125.9018857158268
125.9127349476834
128.2752036163232
129.0403989095367
129.0409336659706
129.2277812522526
140.4642329865271
140.4933379081308
141.0148963509745
143.1197516821674
143.6670377158389
143.6959938434545
145.4232457799920
145.4300850531827
145.6592869414478
146.2858238046559
146.2909587146911
147.2139094994362
149.9381773459207
149.9503361209865
152.2837964083850
152.3668390925863
152.3710817103834
155.5057952165094
156.4757115766047
156.4849081753928
160.1756113194598
160.4258239045727
161.4145949379498
161.4276282668719
170.2332741058644
170.2394325758458
172.6784194347386
173.0918235776756
173.4303026253275
173.4334203989962
174.8371535680747
180.2903249304825
180.2924556446966
181.4313569526272
181.4330405966271
187.659848705537 
193.5731253640786
194.7782402134460
194.7937598301367
197.5758533290838
197.5972629908997
199.3184125029745
215.6417069600094
216.7990202003499
216.805495050694 
220.9108666957825
221.9978108547930
222.0367532002988
222.2702079902398
222.4964081694257
222.5001823849868
223.8188817008388
223.8344860053807
224.1588315027005
275.7710152821008
275.8076972921469
280.4826175789150
282.8144425312933
282.8303657365367
284.1320293047142
285.4818417457704
285.5043557839629
289.7159294627983
293.3067534164487
293.3190114087198
295.1194761525552
295.7702133534039
295.7891831930822
297.8363266344088
297.8527574164933
299.8566723900854
300.1176992972403
301.9857287868325
301.9963079174716
302.9343832334262
305.9657310740465
305.9750760188557
306.8560525228545
 306.865571077754
 306.870295195643
 312.302321755840
 312.307189345588
 314.746977158402
 315.039083733506
 315.042964342482
 316.395817139709
 317.087411069189
 320.324047664260
 320.326477411904
 320.525561383405
 321.660235078720
 321.664929624894
 326.167991694490
 326.203766815032
 326.396249502326
 326.402256319675
 326.879568149744
 326.882482123908
 327.485141040318
 328.01838757467 
 328.022713110809
 331.556327029143
 332.438833937458
 332.444906075720
 334.139845545606
 334.607285968191
 334.609111095355
 337.754698330259
 338.122794257445
 339.792147116705
 339.79456857773 
 340.764022287076
 340.770146377554
 343.392294823014
 343.399020782333
 343.667482617814
 344.337585145282
 344.340372263348
 346.998794568399
 348.280973536704
 348.287600211228
 351.921642865617
 352.978366803452
 353.053812175753
 353.057164940510
 355.546921738844
 356.421011715145
 356.423018486557
 357.660659130544
 358.020353903991
 358.034692029454
 360.241945778016
 360.252568815791
 362.004165336475
 362.764622313912
 362.772239816494
 362.829266573944
 364.759666986158
 364.822037281699
 364.827579312693
 365.308618397957
 365.316878782202
 365.508315104050
 366.559590246662
 366.805030673054
 366.818697081339
 367.360392437941
 367.784732582140
 367.788641297976
 369.115477302320
 369.175945304312
 369.180663573735
 369.762439134717
 372.316683879819
 372.756388107566
 372.760811086913
 373.618923983324
 373.630401823832
 380.820072567286
 380.841363047082
 380.902148839844
 382.739002820558
 382.744419323576
 384.596007488813
 386.116323574924
 387.885271196829
 387.890498840623
 388.607642474365
 388.609261855255
 390.051492273985
 390.052083560131
 390.369116981906
 390.385703560659
 390.767701434232
 390.772220829345
 395.061370016871
 395.067703312526
 395.727038579399
 397.122573339234
 397.143973615835
 397.340489484584
 397.672951186140
 398.641727869048
 398.680871258576
 398.948847826560
 399.346098571931
 399.660477150178
 399.672714461128
 400.304148700756
 400.478445357852
 400.500511261446
 401.625972296123
 403.422091189144
 403.444085142571
 428.687051394959
 428.692476442880
 429.159559429745
 429.161427544420
 429.620053927818
 432.049578477790
 459.941212000840
