61.6502723241700
61.6573036410791
61.9411102928995
61.9479525664569
62.3893331828498
63.2573078878238
91.5620727303980
91.5880973513804
91.6895273353179
95.0264877231910
95.0509508163952
95.2223882251014
127.813729118755
127.828921914225
130.243929562042
131.114756923961
131.139350737138
131.723810397930
143.806849771227
143.833197029902
145.567118637070
145.878819103427
146.868060505733
146.875493591105
148.693207061057
148.878175911111
148.894549058749
149.722792667476
149.749461739296
151.299278264834
153.083161360578
153.097855717290
155.356736313426
155.474597394926
155.499438261895
158.701075466550
160.217362404419
160.236518900490
164.192934854077
164.473044540165
165.176557209681
165.192457896998
173.408575887463
173.419778877616
176.345919697430
176.460493237923
176.687772901077
176.699065647230
178.455359350591
183.212964425226
183.219661303632
184.546708742505
184.547744941408
190.941685396934
197.587574752595
198.616380729362
198.643104454839
200.937479266319
200.984059261344
202.959076307009
219.376826145861
220.491043521422
220.523640437216
223.652217238611
225.274577815519
225.336571162461
225.410620693326
225.553954369465
225.560707854871
227.175043534554
227.217418134853
227.592605442708
278.170002931104
278.191439993197
283.597083633170
285.828067822974
285.838683529588
287.133222993196
288.506895107741
288.525594879225
293.264847780805
297.059944623160
297.067540256622
298.986154984034
299.699231529787
299.720983878327
301.843448110080
301.859214801913
304.016038420554
304.086247303081
306.186678939364
306.193882151338
307.179640955460
310.054467108640
310.065849228178
310.948387917019
310.96272245156
310.97309313400
316.87797548922
316.88264980519
319.38837498331
319.58792377229
319.59660709464
321.18768488622
321.67578331197
325.08300793320
325.08641191100
325.27304920274
326.44582647666
326.45057552555
330.95341623176
331.05721618769
331.41243399088
331.41861075697
331.86708054729
331.88323802379
332.53458943761
332.99370095804
333.02428107859
336.17497492787
336.83547299392
336.83892075308
338.49667175897
339.38633509992
339.39662609801
342.43499694037
342.97449711733
344.02111147177
344.05752183795
344.86505088143
344.89768041687
347.98015036819
347.99959377027
348.13060102976
349.06524074675
349.09184408930
351.76656341812
352.22225751851
352.23892736336
356.31532736017
356.67824624238
356.69567466803
358.28398848083
360.78120365043
360.88594148502
361.72042403949
361.73322445800
363.02517403014
363.03892618337
365.72501673007
365.73625885931
366.90695336334
368.19503395054
368.23623307287
368.24000387832
369.72881361982
369.73289108058
370.92589481520
371.28930162013
371.31075850793
371.82666605420
372.46198675466
372.77902038100
372.78926341847
372.91284716994
373.09262471644
373.11149709085
374.09196486221
374.81892648532
374.82097939769
375.71867447421
377.17251994565
377.21848120250
378.26753963255
378.80043103168
378.81208095578
385.92526515276
385.92630308522
386.01199863226
387.79905078692
387.80085933361
389.43279356052
391.07393471774
391.73029013751
391.73959021486
393.59984301262
393.60130171803
393.75610608268
393.76306829485
394.04576945331
394.09273458674
395.15945399823
395.16771102004
398.79956037816
398.80720260542
399.90829779775
400.09434174100
400.94938068603
400.95398173554
401.30614432142
402.40417825656
402.41668149002
402.43812974409
403.23703353218
403.62449534338
403.62754649339
404.14434774257
404.15800356831
404.25254965782
405.03939468811
407.27654600180
407.28507380718
433.07419672153
433.07830843060
433.34370198420
433.34451684840
433.75618534023
436.06382870533
463.67099121351
