   VS22
18.631455798959628
51.70803312256889
51.98960202973479
52.197376291836115
52.45545325735644
53.466013548485904
74.17762127959686
74.61432468774727
76.09567936567983
78.00584870105749
78.27583451514812
79.3806239436637
79.92215313911815
103.42182054086604
104.54814692369347
105.64101569855691
106.32122940081585
107.60127807242597
111.72619565211427
113.67570396351613
115.36298323491806
115.41344298354268
116.01808092576582
117.35612658141004
118.6725879199945
119.23475113639653
119.75060458415997
120.11060437838718
120.67727708611139
120.89352388776454
121.65657146593308
122.00425507785694
124.20314255392282
125.85983009600535
126.1500944804431
126.67441528092893
128.2106935160368
129.42720336886578
130.62281070499807
130.84670001834291
132.0298432304324
132.30037061194008
134.03650206042545
135.82096176251588
138.24702713252148
139.20134822350536
141.059297600669
141.51249229513567
141.67120812286603
141.91320385065285
143.42600494134382
143.46737901410089
143.9803233313564
149.19645277441782
150.39065107897682
151.2204659090327
152.40828299575475
152.75644711428293
154.87769047652975
156.86114029395716
163.93495026261607
164.92272165208405
166.47291160292636
167.885300283031
167.91064992311337
168.87365433787377
168.92547490991626
170.9031469844997
171.07868750794984
171.3737589908987
172.1435041921112
172.3612220771799
260.2757714970276
284.2680645288042
284.9327748560336
288.00249464152694
290.88250583641
292.7429263340024
293.015523066174
296.15927928447945
296.81334253225117
297.68582376421864
301.5117434816764
302.7961650537671
305.77986265313456
306.0784114301007
307.2564026905565
307.4582516154372
308.26335460179894
310.18229666347463
310.99933323985323
311.2605021100565
312.25577751496905
312.5954397038963
313.93237066102205
314.90752596311495
316.20892636778564
317.61733150972526
319.18994568765294
319.67951425749396
319.8389394462286
321.80697252053943
323.2777477143571
324.85358138802974
325.02623606910566
325.96105769748607
326.15188509440526
326.62795465085264
326.77582664843663
327.0864762509314
328.23619506576017
329.8326105554073
329.9705595365963
330.6752596984252
331.4287392764329
332.0173866815708
332.699615808211
332.9347885681503
333.0585899896162
333.3405817622211
333.80080944059085
334.4053005321095
334.584314906468
335.579272292138
336.6194256830639
336.8191746261392
336.90072680270805
337.8471209734165
338.2624718847614
338.8141637544852
339.07552090149784
339.4389826412492
339.6241936007848
339.8044432206509
339.820937830884
340.1363599311232
340.2032826234603
340.41474349142675
340.63514784232865
341.12356731210684
341.5565809374777
341.6236822373639
341.8203777925464
342.4101621598904
343.3903047713401
343.44830584862285
343.59058481178306
343.9397741608066
344.2551579823348
344.713900299442
344.9840889611762
345.3009811368157
345.51937092006347
345.73705335788287
346.0309198236073
347.0748190961953
347.2207382249322
349.08057061176214
350.3904897358588
350.9886654802018
352.34601935168246
353.1503817668485
353.82585742566005
354.43724829024256
354.88038260060773
355.29594372272743
355.4757168231295
355.6477109494128
355.9554733131025
357.8374056460393
358.29617493961956
358.42375111948223
358.5689269771572
358.94458035296606
359.20465742774905
359.43654775302826
359.8353010198594
359.99166438641225
361.2184575062818
363.2015279416188
364.38909933017544
365.2172757306023
366.40681635245596
368.1210251069769
374.9363456985772
381.6657065401727
385.6950640509992
386.4609395305036
387.2209376584077
387.70563564674643
388.04366247658055
390.83348975318904
392.2154247110588
393.1235930315116
393.54115579275754
394.03687225303014
394.7659704171663
394.99183985901936
395.3704658697585
395.6932637637166
396.07687258495616
396.4253934842401
396.6773840842404
397.1013436566714
397.521870192973
397.61573050460464
399.46567694636894
400.555815791707
401.4956086443342
401.956233411473
402.2986661705375
404.30268076729624
405.8711088219377
407.14847756025137
410.14792189981443
427.4420207023992
