   x           y         z
 -20.000  0.2603E-82  0.7808E-84
 -19.970  0.2603E-82  0.1562E-83
 -19.940  0.2603E-82  0.2342E-83
 -19.910  0.2603E-82  0.3123E-83
 -19.880  0.2603E-82  0.3904E-83
 -19.850  0.2603E-82  0.4685E-83
 -19.820  0.2603E-82  0.5465E-83
 -19.790  0.2603E-82  0.6246E-83
 -19.760  0.2603E-82  0.7027E-83
 -19.730  0.2603E-82  0.7808E-83
 -19.700  0.2603E-82  0.8589E-83
 -19.670  0.2603E-82  0.9369E-83
 -19.640  0.2603E-82  0.1015E-82
 -19.610  0.2603E-82  0.1093E-82
 -19.580  0.2603E-82  0.1171E-82
 -19.550  0.2603E-82  0.1249E-82
 -19.520  0.2603E-82  0.1327E-82
 -19.490  0.2603E-82  0.1405E-82
 -19.460  0.2603E-82  0.1483E-82
 -19.430  0.2603E-82  0.1562E-82
 -19.400  0.2603E-82  0.1640E-82
 -19.370  0.2603E-82  0.1718E-82
 -19.340  0.2603E-82  0.1796E-82
 -19.310  0.2603E-82  0.1874E-82
 -19.280  0.2603E-82  0.1952E-82
 -19.250  0.2603E-82  0.2030E-82
 -19.220  0.2603E-82  0.2108E-82
 -19.190  0.2603E-82  0.2186E-82
 -19.160  0.2603E-82  0.2264E-82
 -19.130  0.2603E-82  0.2342E-82
 -19.100  0.2603E-82  0.2420E-82
 -19.070  0.2603E-82  0.2498E-82
 -19.040  0.2603E-82  0.2577E-82
 -19.010  0.2603E-82  0.2655E-82
 -18.980  0.2603E-82  0.2733E-82
 -18.950  0.2603E-82  0.2811E-82
 -18.920  0.2603E-82  0.2889E-82
 -18.890  0.2603E-82  0.2967E-82
 -18.860  0.2603E-82  0.3045E-82
 -18.830  0.2603E-82  0.3123E-82
 -18.800  0.2603E-82  0.3201E-82
 -18.770  0.2603E-82  0.3279E-82
 -18.740  0.2603E-82  0.3357E-82
 -18.710  0.2603E-82  0.3435E-82
 -18.680  0.2603E-82  0.3514E-82
 -18.650  0.2603E-82  0.3592E-82
 -18.620  0.2603E-82  0.3670E-82
 -18.590  0.2603E-82  0.3748E-82
 -18.560  0.2603E-82  0.3826E-82
 -18.530  0.2603E-82  0.3904E-82
 -18.500  0.2603E-82  0.3982E-82
 -18.470  0.2603E-82  0.4060E-82
 -18.440  0.2603E-82  0.4138E-82
 -18.410  0.2603E-82  0.4216E-82
 -18.380  0.2603E-82  0.4294E-82
 -18.350  0.2603E-82  0.4372E-82
 -18.320  0.2603E-82  0.4450E-82
 -18.290  0.2603E-82  0.4529E-82
 -18.260  0.2603E-82  0.4607E-82
 -18.230  0.2603E-82  0.4685E-82
 -18.200  0.2603E-82  0.4763E-82
 -18.170  0.2603E-82  0.4841E-82
 -18.140  0.2603E-82  0.4919E-82
 -18.110  0.2603E-82  0.4997E-82
 -18.080  0.2603E-82  0.5075E-82
 -18.050  0.2603E-82  0.5153E-82
 -18.020  0.2603E-82  0.5231E-82
 -17.990  0.2603E-82  0.5309E-82
 -17.960  0.2603E-82  0.5387E-82
 -17.930  0.2603E-82  0.5465E-82
 -17.900  0.2603E-82  0.5544E-82
 -17.870  0.2603E-82  0.5622E-82
 -17.840  0.2603E-82  0.5700E-82
 -17.810  0.2603E-82  0.5778E-82
 -17.780  0.2603E-82  0.5856E-82
 -17.750  0.2603E-82  0.5934E-82
 -17.720  0.2603E-82  0.6012E-82
 -17.690  0.2603E-82  0.6090E-82
 -17.660  0.2603E-82  0.6168E-82
 -17.630  0.2603E-82  0.6246E-82
 -17.600  0.2603E-82  0.6324E-82
 -17.570  0.2603E-82  0.6402E-82
 -17.540  0.2603E-82  0.6480E-82
 -17.510  0.2603E-82  0.6559E-82
 -17.480  0.2603E-82  0.6637E-82
 -17.450  0.2603E-82  0.6715E-82
 -17.420  0.2603E-82  0.6793E-82
 -17.390  0.2603E-82  0.6871E-82
 -17.360  0.2603E-82  0.6949E-82
 -17.330  0.2603E-82  0.7027E-82
 -17.300  0.2603E-82  0.7105E-82
 -17.270  0.2603E-82  0.7183E-82
 -17.240  0.2603E-82  0.7261E-82
 -17.210  0.2603E-82  0.7339E-82
 -17.180  0.2603E-82  0.7417E-82
 -17.150  0.2603E-82  0.7495E-82
 -17.120  0.2603E-82  0.7574E-82
 -17.090  0.2603E-82  0.7652E-82
 -17.060  0.2603E-82  0.7730E-82
 -17.030  0.2603E-82  0.7808E-82
 -17.000  0.2603E-82  0.7886E-82
 -16.970  0.2603E-82  0.7964E-82
 -16.940  0.2603E-82  0.8042E-82
 -16.910  0.2603E-82  0.8120E-82
 -16.880  0.2603E-82  0.8198E-82
 -16.850  0.2603E-82  0.8276E-82
 -16.820  0.2603E-82  0.8354E-82
 -16.790  0.2603E-82  0.8432E-82
 -16.760  0.2603E-82  0.8511E-82
 -16.730  0.2603E-82  0.8589E-82
 -16.700  0.2603E-82  0.8667E-82
 -16.670  0.2603E-82  0.8745E-82
 -16.640  0.2603E-82  0.8823E-82
 -16.610  0.2603E-82  0.8901E-82
 -16.580  0.2603E-82  0.8979E-82
 -16.550  0.2603E-82  0.9057E-82
 -16.520  0.2603E-82  0.9135E-82
 -16.490  0.2603E-82  0.9213E-82
 -16.460  0.2603E-82  0.9291E-82
 -16.430  0.2603E-82  0.9369E-82
 -16.400  0.2603E-82  0.9447E-82
 -16.370  0.2603E-82  0.9526E-82
 -16.340  0.2603E-82  0.9604E-82
 -16.310  0.2603E-82  0.9682E-82
 -16.280  0.2603E-82  0.9760E-82
 -16.250  0.2603E-82  0.9838E-82
 -16.220  0.2603E-82  0.9916E-82
 -16.190  0.2603E-82  0.9994E-82
 -16.160  0.2603E-82  0.1007E-81
 -16.130  0.2603E-82  0.1015E-81
 -16.100  0.2603E-82  0.1023E-81
 -16.070  0.2603E-82  0.1031E-81
 -16.040  0.2603E-82  0.1038E-81
 -16.010  0.2603E-82  0.1046E-81
 -15.980  0.2603E-82  0.1054E-81
 -15.950  0.2603E-82  0.1062E-81
 -15.920  0.2603E-82  0.1070E-81
 -15.890  0.2603E-82  0.1077E-81
 -15.860  0.2603E-82  0.1085E-81
 -15.830  0.2603E-82  0.1093E-81
 -15.800  0.2603E-82  0.1101E-81
 -15.770  0.2603E-82  0.1109E-81
 -15.740  0.2603E-82  0.1117E-81
 -15.710  0.2603E-82  0.1124E-81
 -15.680  0.2603E-82  0.1132E-81
 -15.650  0.2603E-82  0.1140E-81
 -15.620  0.2603E-82  0.1148E-81
 -15.590  0.2603E-82  0.1156E-81
 -15.560  0.2603E-82  0.1163E-81
 -15.530  0.2603E-82  0.1171E-81
 -15.500  0.2603E-82  0.1179E-81
 -15.470  0.2603E-82  0.1187E-81
 -15.440  0.2603E-82  0.1195E-81
 -15.410  0.2603E-82  0.1202E-81
 -15.380  0.2603E-82  0.1210E-81
 -15.350  0.2603E-82  0.1218E-81
 -15.320  0.2603E-82  0.1226E-81
 -15.290  0.2603E-82  0.1234E-81
 -15.260  0.2603E-82  0.1241E-81
 -15.230  0.2603E-82  0.1249E-81
 -15.200  0.2603E-82  0.1257E-81
 -15.170  0.2603E-82  0.1265E-81
 -15.140  0.2603E-82  0.1273E-81
 -15.110  0.2603E-82  0.1280E-81
 -15.080  0.2603E-82  0.1288E-81
 -15.050  0.2603E-82  0.1296E-81
 -15.020  0.2603E-82  0.1304E-81
 -14.990  0.2603E-82  0.1312E-81
 -14.960  0.2603E-82  0.1320E-81
 -14.930  0.2603E-82  0.1327E-81
 -14.900  0.2603E-82  0.1335E-81
 -14.870  0.2603E-82  0.1343E-81
 -14.840  0.2603E-82  0.1351E-81
 -14.810  0.2603E-82  0.1359E-81
 -14.780  0.2603E-82  0.1366E-81
 -14.750  0.2603E-82  0.1374E-81
 -14.720  0.2603E-82  0.1382E-81
 -14.690  0.2603E-82  0.1390E-81
 -14.660  0.2603E-82  0.1398E-81
 -14.630  0.2603E-82  0.1405E-81
 -14.600  0.2603E-82  0.1413E-81
 -14.570  0.2603E-82  0.1421E-81
 -14.540  0.2603E-82  0.1429E-81
 -14.510  0.2603E-82  0.1437E-81
 -14.480  0.2603E-82  0.1444E-81
 -14.450  0.2603E-82  0.1452E-81
 -14.420  0.2603E-82  0.1460E-81
 -14.390  0.2603E-82  0.1468E-81
 -14.360  0.2603E-82  0.1476E-81
 -14.330  0.2603E-82  0.1483E-81
 -14.300  0.2603E-82  0.1491E-81
 -14.270  0.2603E-82  0.1499E-81
 -14.240  0.2603E-82  0.1507E-81
 -14.210  0.2603E-82  0.1515E-81
 -14.180  0.2603E-82  0.1523E-81
 -14.150  0.2603E-82  0.1530E-81
 -14.120  0.2603E-82  0.1538E-81
 -14.090  0.2603E-82  0.1546E-81
 -14.060  0.2796E-82  0.1554E-81
 -14.030  0.9660E-72  0.2898E-73
 -14.000  0.6471E-61  0.1941E-62
 -13.970  0.5866E-51  0.1760E-52
 -13.940  0.7197E-42  0.2159E-43
 -13.910  0.1195E-33  0.3585E-35
 -13.880  0.2685E-26  0.8056E-28
 -13.850  0.8166E-20  0.2450E-21
 -13.820  0.3361E-14  0.1008E-15
 -13.790  0.1872E-09  0.5616E-11
 -13.760  0.1411E-05  0.4234E-07
 -13.730  0.1440E-02  0.4323E-04
 -13.700  0.1988E+00  0.6006E-02
 -13.670  0.3714E+01  0.1174E+00
 -13.640  0.9391E+01  0.3991E+00
 -13.610  0.3214E+01  0.4956E+00
 -13.580  0.1625E+00  0.5004E+00
 -13.550  0.1609E+01  0.5487E+00
 -13.520  0.2570E+02  0.1320E+01
 -13.490  0.5568E+02  0.2990E+01
 -13.460  0.1635E+02  0.3481E+01
 -13.430  0.6504E+00  0.3500E+01
 -13.400  0.3507E-02  0.3500E+01
 -13.370  0.2563E-05  0.3500E+01
 -13.340  0.1727E-05  0.3500E+01
 -13.310  0.2430E-02  0.3500E+01
 -13.280  0.4787E+00  0.3515E+01
 -13.250  0.1335E+02  0.3915E+01
 -13.220  0.5321E+02  0.5511E+01
 -13.190  0.3044E+02  0.6425E+01
 -13.160  0.2553E+01  0.6501E+01
 -13.130  0.4066E+01  0.6623E+01
 -13.100  0.3817E+02  0.7768E+01
 -13.070  0.4899E+02  0.9238E+01
 -13.040  0.8534E+01  0.9494E+01
 -13.010  0.2018E+00  0.9500E+01
 -12.980  0.6477E-03  0.9500E+01
 -12.950  0.2822E-06  0.9500E+01
 -12.920  0.1669E-10  0.9500E+01
 -12.890  0.1679E-11  0.9500E+01
 -12.860  0.4349E-07  0.9500E+01
 -12.830  0.1528E-03  0.9500E+01
 -12.800  0.7326E-01  0.9502E+01
 -12.770  0.4919E+01  0.9650E+01
 -12.740  0.5068E+02  0.1117E+02
 -12.710  0.9891E+02  0.1414E+02
 -12.680  0.4208E+02  0.1540E+02
 -12.650  0.3294E+01  0.1550E+02
 -12.620  0.3891E-01  0.1550E+02
 -12.590  0.2859E-02  0.1550E+02
 -12.560  0.5614E+00  0.1552E+02
 -12.530  0.1547E+02  0.1598E+02
 -12.500  0.6029E+02  0.1779E+02
 -12.470  0.3645E+02  0.1888E+02
 -12.440  0.1099E+02  0.1921E+02
 -12.410  0.4642E+02  0.2061E+02
 -12.380  0.4139E+02  0.2185E+02
 -12.350  0.5009E+01  0.2200E+02
 -12.320  0.1871E+00  0.2200E+02
 -12.290  0.5957E+01  0.2218E+02
 -12.260  0.4931E+02  0.2366E+02
 -12.230  0.7268E+02  0.2584E+02
 -12.200  0.5762E+02  0.2757E+02
 -12.170  0.1071E+03  0.3078E+02
 -12.140  0.9469E+02  0.3362E+02
 -12.110  0.7139E+02  0.3577E+02
 -12.080  0.3749E+02  0.3689E+02
 -12.050  0.3804E+01  0.3700E+02
 -12.020  0.1108E+02  0.3734E+02
 -11.990  0.8575E+02  0.3991E+02
 -11.960  0.1037E+03  0.4302E+02
 -11.930  0.6759E+02  0.4505E+02
 -11.900  0.4081E+02  0.4627E+02
 -11.870  0.5433E+02  0.4790E+02
 -11.840  0.3366E+02  0.4891E+02
 -11.810  0.4462E+01  0.4904E+02
 -11.780  0.2550E+02  0.4981E+02
 -11.750  0.7069E+02  0.5193E+02
 -11.720  0.1095E+03  0.5522E+02
 -11.690  0.1917E+03  0.6097E+02
 -11.660  0.2614E+03  0.6881E+02
 -11.630  0.8642E+02  0.7140E+02
 -11.600  0.2723E+02  0.7222E+02
 -11.570  0.7500E+02  0.7447E+02
 -11.540  0.4757E+02  0.7590E+02
 -11.510  0.2788E+02  0.7673E+02
 -11.480  0.9616E+02  0.7962E+02
 -11.450  0.2722E+03  0.8778E+02
 -11.420  0.1464E+03  0.9217E+02
 -11.390  0.2660E+02  0.9297E+02
 -11.360  0.5948E+02  0.9476E+02
 -11.330  0.7366E+02  0.9697E+02
 -11.300  0.6531E+02  0.9892E+02
 -11.270  0.3277E+02  0.9991E+02
 -11.240  0.3056E+01  0.1000E+03
 -11.210  0.4258E-01  0.1000E+03
 -11.180  0.8491E-04  0.1000E+03
 -11.150  0.2365E-07  0.1000E+03
 -11.120  0.9071E-12  0.1000E+03
 -11.090  0.4750E-17  0.1000E+03
 -11.060  0.3381E-23  0.1000E+03
 -11.030  0.3265E-30  0.1000E+03
 -11.000  0.4272E-38  0.1000E+03
 -10.970  0.7569E-47  0.1000E+03
 -10.940  0.1815E-56  0.1000E+03
 -10.910  0.5894E-67  0.1000E+03
 -10.880  0.2590E-78  0.1000E+03
 -10.850  0.2603E-82  0.1000E+03
 -10.820  0.2603E-82  0.1000E+03
 -10.790  0.2603E-82  0.1000E+03
 -10.760  0.2603E-82  0.1000E+03
 -10.730  0.2603E-82  0.1000E+03
 -10.700  0.2603E-82  0.1000E+03
 -10.670  0.2603E-82  0.1000E+03
 -10.640  0.2603E-82  0.1000E+03
 -10.610  0.2603E-82  0.1000E+03
 -10.580  0.2603E-82  0.1000E+03
 -10.550  0.2603E-82  0.1000E+03
 -10.520  0.2603E-82  0.1000E+03
 -10.490  0.2603E-82  0.1000E+03
 -10.460  0.2603E-82  0.1000E+03
 -10.430  0.2603E-82  0.1000E+03
 -10.400  0.2603E-82  0.1000E+03
 -10.370  0.2603E-82  0.1000E+03
 -10.340  0.2603E-82  0.1000E+03
 -10.310  0.2603E-82  0.1000E+03
 -10.280  0.2603E-82  0.1000E+03
 -10.250  0.2603E-82  0.1000E+03
 -10.220  0.2603E-82  0.1000E+03
 -10.190  0.2603E-82  0.1000E+03
 -10.160  0.2603E-82  0.1000E+03
 -10.130  0.2603E-82  0.1000E+03
 -10.100  0.2603E-82  0.1000E+03
 -10.070  0.2603E-82  0.1000E+03
 -10.040  0.2603E-82  0.1000E+03
 -10.010  0.2603E-82  0.1000E+03
  -9.980  0.2603E-82  0.1000E+03
  -9.950  0.2603E-82  0.1000E+03
  -9.920  0.2603E-82  0.1000E+03
  -9.890  0.2603E-82  0.1000E+03
  -9.860  0.2603E-82  0.1000E+03
  -9.830  0.2603E-82  0.1000E+03
  -9.800  0.2603E-82  0.1000E+03
  -9.770  0.2603E-82  0.1000E+03
  -9.740  0.2603E-82  0.1000E+03
  -9.710  0.2603E-82  0.1000E+03
  -9.680  0.2603E-82  0.1000E+03
  -9.650  0.2603E-82  0.1000E+03
  -9.620  0.2603E-82  0.1000E+03
  -9.590  0.2603E-82  0.1000E+03
  -9.560  0.2603E-82  0.1000E+03
  -9.530  0.2603E-82  0.1000E+03
  -9.500  0.2603E-82  0.1000E+03
  -9.470  0.2603E-82  0.1000E+03
  -9.440  0.2603E-82  0.1000E+03
  -9.410  0.2603E-82  0.1000E+03
  -9.380  0.2603E-82  0.1000E+03
  -9.350  0.2603E-82  0.1000E+03
  -9.320  0.2603E-82  0.1000E+03
  -9.290  0.2603E-82  0.1000E+03
  -9.260  0.2603E-82  0.1000E+03
  -9.230  0.2603E-82  0.1000E+03
  -9.200  0.2603E-82  0.1000E+03
  -9.170  0.2603E-82  0.1000E+03
  -9.140  0.2603E-82  0.1000E+03
  -9.110  0.2603E-82  0.1000E+03
  -9.080  0.2603E-82  0.1000E+03
  -9.050  0.2603E-82  0.1000E+03
  -9.020  0.2603E-82  0.1000E+03
  -8.990  0.2603E-82  0.1000E+03
  -8.960  0.2603E-82  0.1000E+03
  -8.930  0.2603E-82  0.1000E+03
  -8.900  0.2603E-82  0.1000E+03
  -8.870  0.2603E-82  0.1000E+03
  -8.840  0.2603E-82  0.1000E+03
  -8.810  0.2603E-82  0.1000E+03
  -8.780  0.2603E-82  0.1000E+03
  -8.750  0.2603E-82  0.1000E+03
  -8.720  0.2603E-82  0.1000E+03
  -8.690  0.2603E-82  0.1000E+03
  -8.660  0.2603E-82  0.1000E+03
  -8.630  0.2603E-82  0.1000E+03
  -8.600  0.2603E-82  0.1000E+03
  -8.570  0.2603E-82  0.1000E+03
  -8.540  0.2603E-82  0.1000E+03
  -8.510  0.2603E-82  0.1000E+03
  -8.480  0.2603E-82  0.1000E+03
  -8.450  0.2603E-82  0.1000E+03
  -8.420  0.2603E-82  0.1000E+03
  -8.390  0.2603E-82  0.1000E+03
  -8.360  0.2603E-82  0.1000E+03
  -8.330  0.2603E-82  0.1000E+03
  -8.300  0.2603E-82  0.1000E+03
  -8.270  0.2603E-82  0.1000E+03
  -8.240  0.2603E-82  0.1000E+03
  -8.210  0.2603E-82  0.1000E+03
  -8.180  0.2603E-82  0.1000E+03
  -8.150  0.2603E-82  0.1000E+03
  -8.120  0.2603E-82  0.1000E+03
  -8.090  0.2603E-82  0.1000E+03
  -8.060  0.2603E-82  0.1000E+03
  -8.030  0.2603E-82  0.1000E+03
  -8.000  0.2603E-82  0.1000E+03
  -7.970  0.2603E-82  0.1000E+03
  -7.940  0.2603E-82  0.1000E+03
  -7.910  0.2603E-82  0.1000E+03
  -7.880  0.2603E-82  0.1000E+03
  -7.850  0.2603E-82  0.1000E+03
  -7.820  0.2603E-82  0.1000E+03
  -7.790  0.2603E-82  0.1000E+03
  -7.760  0.2603E-82  0.1000E+03
  -7.730  0.2603E-82  0.1000E+03
  -7.700  0.2603E-82  0.1000E+03
  -7.670  0.2603E-82  0.1000E+03
  -7.640  0.2603E-82  0.1000E+03
  -7.610  0.2603E-82  0.1000E+03
  -7.580  0.2603E-82  0.1000E+03
  -7.550  0.2603E-82  0.1000E+03
  -7.520  0.2603E-82  0.1000E+03
  -7.490  0.2603E-82  0.1000E+03
  -7.460  0.2603E-82  0.1000E+03
  -7.430  0.2603E-82  0.1000E+03
  -7.400  0.2603E-82  0.1000E+03
  -7.370  0.2603E-82  0.1000E+03
  -7.340  0.2603E-82  0.1000E+03
  -7.310  0.2603E-82  0.1000E+03
  -7.280  0.2603E-82  0.1000E+03
  -7.250  0.2603E-82  0.1000E+03
  -7.220  0.2603E-82  0.1000E+03
  -7.190  0.2603E-82  0.1000E+03
  -7.160  0.2603E-82  0.1000E+03
  -7.130  0.2603E-82  0.1000E+03
  -7.100  0.2603E-82  0.1000E+03
  -7.070  0.2603E-82  0.1000E+03
  -7.040  0.2603E-82  0.1000E+03
  -7.010  0.2603E-82  0.1000E+03
  -6.980  0.2603E-82  0.1000E+03
  -6.950  0.2603E-82  0.1000E+03
  -6.920  0.2603E-82  0.1000E+03
  -6.890  0.2603E-82  0.1000E+03
  -6.860  0.2603E-82  0.1000E+03
  -6.830  0.2603E-82  0.1000E+03
  -6.800  0.2603E-82  0.1000E+03
  -6.770  0.2603E-82  0.1000E+03
  -6.740  0.2603E-82  0.1000E+03
  -6.710  0.2603E-82  0.1000E+03
  -6.680  0.2603E-82  0.1000E+03
  -6.650  0.2603E-82  0.1000E+03
  -6.620  0.2603E-82  0.1000E+03
  -6.590  0.2603E-82  0.1000E+03
  -6.560  0.2603E-82  0.1000E+03
  -6.530  0.2603E-82  0.1000E+03
  -6.500  0.2603E-82  0.1000E+03
  -6.470  0.2603E-82  0.1000E+03
  -6.440  0.2603E-82  0.1000E+03
  -6.410  0.2603E-82  0.1000E+03
  -6.380  0.2603E-82  0.1000E+03
  -6.350  0.2603E-82  0.1000E+03
  -6.320  0.2603E-82  0.1000E+03
  -6.290  0.2603E-82  0.1000E+03
  -6.260  0.2603E-82  0.1000E+03
  -6.230  0.2603E-82  0.1000E+03
  -6.200  0.2603E-82  0.1000E+03
  -6.170  0.2603E-82  0.1000E+03
  -6.140  0.2603E-82  0.1000E+03
  -6.110  0.2603E-82  0.1000E+03
  -6.080  0.2603E-82  0.1000E+03
  -6.050  0.2603E-82  0.1000E+03
  -6.020  0.2603E-82  0.1000E+03
  -5.990  0.2603E-82  0.1000E+03
  -5.960  0.2603E-82  0.1000E+03
  -5.930  0.2603E-82  0.1000E+03
  -5.900  0.2603E-82  0.1000E+03
  -5.870  0.2603E-82  0.1000E+03
  -5.840  0.2603E-82  0.1000E+03
  -5.810  0.2603E-82  0.1000E+03
  -5.780  0.2603E-82  0.1000E+03
  -5.750  0.2603E-82  0.1000E+03
  -5.720  0.2603E-82  0.1000E+03
  -5.690  0.2603E-82  0.1000E+03
  -5.660  0.2603E-82  0.1000E+03
  -5.630  0.2603E-82  0.1000E+03
  -5.600  0.2546E-76  0.1000E+03
  -5.570  0.4120E-65  0.1000E+03
  -5.540  0.9026E-55  0.1000E+03
  -5.510  0.2676E-45  0.1000E+03
  -5.480  0.1074E-36  0.1000E+03
  -5.450  0.5836E-29  0.1000E+03
  -5.420  0.4291E-22  0.1000E+03
  -5.390  0.4270E-16  0.1000E+03
  -5.360  0.5753E-11  0.1000E+03
  -5.330  0.1049E-06  0.1000E+03
  -5.300  0.2589E-03  0.1000E+03
  -5.270  0.8647E-01  0.1000E+03
  -5.240  0.3910E+01  0.1001E+03
  -5.210  0.2393E+02  0.1008E+03
  -5.180  0.1982E+02  0.1014E+03
  -5.150  0.2222E+01  0.1015E+03
  -5.120  0.1288E+00  0.1015E+03
  -5.090  0.2544E+01  0.1016E+03
  -5.060  0.9351E+01  0.1019E+03
  -5.030  0.1143E+02  0.1022E+03
  -5.000  0.4833E+02  0.1037E+03
  -4.970  0.6975E+02  0.1057E+03
  -4.940  0.6013E+02  0.1075E+03
  -4.910  0.2076E+02  0.1082E+03
  -4.880  0.4678E+02  0.1096E+03
  -4.850  0.7161E+02  0.1117E+03
  -4.820  0.6070E+02  0.1135E+03
  -4.790  0.1467E+02  0.1140E+03
  -4.760  0.1601E+01  0.1140E+03
  -4.730  0.1471E+02  0.1145E+03
  -4.700  0.2718E+02  0.1153E+03
  -4.670  0.7459E+01  0.1155E+03
  -4.640  0.1191E+02  0.1159E+03
  -4.610  0.2810E+02  0.1167E+03
  -4.580  0.9620E+01  0.1170E+03
  -4.550  0.1435E+02  0.1174E+03
  -4.520  0.7209E+02  0.1196E+03
  -4.490  0.9090E+02  0.1223E+03
  -4.460  0.6314E+02  0.1242E+03
  -4.430  0.5123E+02  0.1258E+03
  -4.400  0.3304E+02  0.1267E+03
  -4.370  0.1383E+03  0.1309E+03
  -4.340  0.1318E+03  0.1348E+03
  -4.310  0.4426E+02  0.1362E+03
  -4.280  0.1162E+02  0.1365E+03
  -4.250  0.2250E+02  0.1372E+03
  -4.220  0.5579E+02  0.1389E+03
  -4.190  0.2950E+02  0.1398E+03
  -4.160  0.4314E+02  0.1411E+03
  -4.130  0.5672E+02  0.1428E+03
  -4.100  0.6236E+02  0.1446E+03
  -4.070  0.8087E+02  0.1471E+03
  -4.040  0.7726E+02  0.1494E+03
  -4.010  0.1352E+03  0.1534E+03
  -3.980  0.2113E+03  0.1598E+03
  -3.950  0.1113E+03  0.1631E+03
  -3.920  0.1868E+02  0.1637E+03
  -3.890  0.4337E+02  0.1650E+03
  -3.860  0.4866E+02  0.1664E+03
  -3.830  0.4395E+02  0.1677E+03
  -3.800  0.5068E+02  0.1693E+03
  -3.770  0.3066E+02  0.1702E+03
  -3.740  0.5658E+02  0.1719E+03
  -3.710  0.1969E+02  0.1725E+03
  -3.680  0.9317E+00  0.1725E+03
  -3.650  0.5972E-02  0.1725E+03
  -3.620  0.5186E-05  0.1725E+03
  -3.590  0.6102E-09  0.1725E+03
  -3.560  0.3719E-08  0.1725E+03
  -3.530  0.2194E-04  0.1725E+03
  -3.500  0.1753E-01  0.1725E+03
  -3.470  0.1903E+01  0.1726E+03
  -3.440  0.2896E+02  0.1734E+03
  -3.410  0.8271E+02  0.1759E+03
  -3.380  0.1165E+03  0.1794E+03
  -3.350  0.6346E+02  0.1813E+03
  -3.320  0.8541E+01  0.1816E+03
  -3.290  0.2372E+02  0.1823E+03
  -3.260  0.5325E+02  0.1839E+03
  -3.230  0.9778E+02  0.1868E+03
  -3.200  0.2235E+03  0.1935E+03
  -3.170  0.1479E+03  0.1979E+03
  -3.140  0.9272E+02  0.2007E+03
  -3.110  0.6204E+02  0.2026E+03
  -3.080  0.9095E+02  0.2053E+03
  -3.050  0.1174E+03  0.2088E+03
  -3.020  0.8652E+02  0.2114E+03
  -2.990  0.1121E+03  0.2148E+03
  -2.960  0.1774E+03  0.2201E+03
  -2.930  0.1266E+03  0.2239E+03
  -2.900  0.3425E+02  0.2249E+03
  -2.870  0.1742E+01  0.2250E+03
  -2.840  0.1299E-01  0.2250E+03
  -2.810  0.1364E-04  0.2250E+03
  -2.780  0.2050E-08  0.2250E+03
  -2.750  0.6172E-06  0.2250E+03
  -2.720  0.1025E-02  0.2250E+03
  -2.690  0.2401E+00  0.2250E+03
  -2.660  0.8810E+01  0.2253E+03
  -2.630  0.6317E+02  0.2272E+03
  -2.600  0.9885E+02  0.2301E+03
  -2.570  0.3410E+02  0.2312E+03
  -2.540  0.4761E+02  0.2326E+03
  -2.510  0.7064E+02  0.2347E+03
  -2.480  0.6086E+02  0.2365E+03
  -2.450  0.1525E+02  0.2370E+03
  -2.420  0.6705E+01  0.2372E+03
  -2.390  0.6553E+02  0.2392E+03
  -2.360  0.1101E+03  0.2425E+03
  -2.330  0.7943E+02  0.2448E+03
  -2.300  0.1288E+03  0.2487E+03
  -2.270  0.1097E+03  0.2520E+03
  -2.240  0.4533E+02  0.2534E+03
  -2.210  0.5370E+01  0.2535E+03
  -2.180  0.1179E+02  0.2539E+03
  -2.150  0.4723E+02  0.2553E+03
  -2.120  0.6631E+02  0.2573E+03
  -2.090  0.2791E+02  0.2581E+03
  -2.060  0.4648E+02  0.2595E+03
  -2.030  0.1002E+03  0.2625E+03
  -2.000  0.1423E+03  0.2668E+03
  -1.970  0.1360E+03  0.2709E+03
  -1.940  0.1092E+03  0.2741E+03
  -1.910  0.6105E+02  0.2760E+03
  -1.880  0.6175E+02  0.2778E+03
  -1.850  0.7267E+02  0.2800E+03
  -1.820  0.2308E+02  0.2807E+03
  -1.790  0.5357E+02  0.2823E+03
  -1.760  0.9341E+02  0.2851E+03
  -1.730  0.1078E+03  0.2883E+03
  -1.700  0.1340E+03  0.2924E+03
  -1.670  0.8434E+02  0.2949E+03
  -1.640  0.1957E+02  0.2955E+03
  -1.610  0.8293E+00  0.2955E+03
  -1.580  0.5066E-02  0.2955E+03
  -1.550  0.4685E-01  0.2955E+03
  -1.520  0.3617E+01  0.2956E+03
  -1.490  0.4011E+02  0.2968E+03
  -1.460  0.7508E+02  0.2991E+03
  -1.430  0.4889E+02  0.3005E+03
  -1.400  0.5907E+02  0.3023E+03
  -1.370  0.2615E+02  0.3031E+03
  -1.340  0.1073E+02  0.3034E+03
  -1.310  0.9559E+01  0.3037E+03
  -1.280  0.3402E+02  0.3047E+03
  -1.250  0.3390E+02  0.3057E+03
  -1.220  0.3509E+02  0.3068E+03
  -1.190  0.6351E+02  0.3087E+03
  -1.160  0.1485E+03  0.3131E+03
  -1.130  0.1306E+03  0.3171E+03
  -1.100  0.9980E+02  0.3201E+03
  -1.070  0.7704E+02  0.3224E+03
  -1.040  0.1219E+03  0.3260E+03
  -1.010  0.1032E+03  0.3291E+03
  -0.980  0.4420E+02  0.3304E+03
  -0.950  0.1107E+03  0.3338E+03
  -0.920  0.1349E+03  0.3378E+03
  -0.890  0.1555E+03  0.3425E+03
  -0.860  0.1574E+03  0.3472E+03
  -0.830  0.1161E+03  0.3507E+03
  -0.800  0.9405E+02  0.3535E+03
  -0.770  0.3743E+02  0.3546E+03
  -0.740  0.4259E+02  0.3559E+03
  -0.710  0.9534E+02  0.3588E+03
  -0.680  0.1250E+03  0.3625E+03
  -0.650  0.8035E+02  0.3649E+03
  -0.620  0.6370E+02  0.3668E+03
  -0.590  0.3506E+02  0.3679E+03
  -0.560  0.7503E+02  0.3701E+03
  -0.530  0.5589E+02  0.3718E+03
  -0.500  0.5968E+01  0.3720E+03
  -0.470  0.4031E+01  0.3721E+03
  -0.440  0.4610E+02  0.3735E+03
  -0.410  0.1119E+03  0.3769E+03
  -0.380  0.8098E+02  0.3793E+03
  -0.350  0.5516E+02  0.3809E+03
  -0.320  0.6039E+02  0.3828E+03
  -0.290  0.4182E+02  0.3840E+03
  -0.260  0.5368E+02  0.3856E+03
  -0.230  0.1511E+02  0.3861E+03
  -0.200  0.4627E+02  0.3875E+03
  -0.170  0.1255E+03  0.3912E+03
  -0.140  0.6771E+02  0.3933E+03
  -0.110  0.7882E+01  0.3935E+03
  -0.080  0.9136E+00  0.3935E+03
  -0.050  0.2006E+02  0.3941E+03
  -0.020  0.8261E+02  0.3966E+03
   0.010  0.8441E+02  0.3991E+03
   0.040  0.5856E+02  0.4009E+03
   0.070  0.3860E+02  0.4021E+03
   0.100  0.5422E+02  0.4037E+03
   0.130  0.7029E+02  0.4058E+03
   0.160  0.6676E+02  0.4078E+03
   0.190  0.6184E+02  0.4096E+03
   0.220  0.7259E+02  0.4118E+03
   0.250  0.4950E+02  0.4133E+03
   0.280  0.6939E+01  0.4135E+03
   0.310  0.2462E+02  0.4143E+03
   0.340  0.1554E+03  0.4189E+03
   0.370  0.1820E+03  0.4244E+03
   0.400  0.7561E+02  0.4266E+03
   0.430  0.1815E+02  0.4272E+03
   0.460  0.6206E+02  0.4291E+03
   0.490  0.9936E+02  0.4320E+03
   0.520  0.4744E+02  0.4335E+03
   0.550  0.3818E+02  0.4346E+03
   0.580  0.3454E+02  0.4356E+03
   0.610  0.2047E+02  0.4363E+03
   0.640  0.5083E+02  0.4378E+03
   0.670  0.5951E+02  0.4396E+03
   0.700  0.9359E+02  0.4424E+03
   0.730  0.7026E+02  0.4445E+03
   0.760  0.6047E+02  0.4463E+03
   0.790  0.2242E+02  0.4470E+03
   0.820  0.1205E+01  0.4470E+03
   0.850  0.8801E-02  0.4470E+03
   0.880  0.2083E-03  0.4470E+03
   0.910  0.7172E-01  0.4470E+03
   0.940  0.3496E+01  0.4471E+03
   0.970  0.2312E+02  0.4478E+03
   1.000  0.2074E+02  0.4484E+03
   1.030  0.2524E+01  0.4485E+03
   1.060  0.4226E-01  0.4485E+03
   1.090  0.1558E+00  0.4485E+03
   1.120  0.5476E+01  0.4487E+03
   1.150  0.2608E+02  0.4495E+03
   1.180  0.1681E+02  0.4500E+03
   1.210  0.1466E+01  0.4500E+03
   1.240  0.1731E-01  0.4500E+03
   1.270  0.2766E-04  0.4500E+03
   1.300  0.5981E-08  0.4500E+03
   1.330  0.1751E-12  0.4500E+03
   1.360  0.6937E-18  0.4500E+03
   1.390  0.3720E-24  0.4500E+03
   1.420  0.2700E-31  0.4500E+03
   1.450  0.2652E-39  0.4500E+03
   1.480  0.3526E-48  0.4500E+03
   1.510  0.6344E-58  0.4500E+03
   1.540  0.1545E-68  0.4500E+03
   1.570  0.5119E-80  0.4500E+03
   1.600  0.2603E-82  0.4500E+03
   1.630  0.2603E-82  0.4500E+03
   1.660  0.2603E-82  0.4500E+03
   1.690  0.2603E-82  0.4500E+03
   1.720  0.2603E-82  0.4500E+03
   1.750  0.2603E-82  0.4500E+03
   1.780  0.2603E-82  0.4500E+03
   1.810  0.2603E-82  0.4500E+03
   1.840  0.2603E-82  0.4500E+03
   1.870  0.2603E-82  0.4500E+03
   1.900  0.2603E-82  0.4500E+03
   1.930  0.2603E-82  0.4500E+03
   1.960  0.2603E-82  0.4500E+03
   1.990  0.2603E-82  0.4500E+03
   2.020  0.2603E-82  0.4500E+03
   2.050  0.2603E-82  0.4500E+03
   2.080  0.2603E-82  0.4500E+03
   2.110  0.2603E-82  0.4500E+03
   2.140  0.2603E-82  0.4500E+03
   2.170  0.2603E-82  0.4500E+03
   2.200  0.2603E-82  0.4500E+03
   2.230  0.2603E-82  0.4500E+03
   2.260  0.2603E-82  0.4500E+03
   2.290  0.2603E-82  0.4500E+03
   2.320  0.2603E-82  0.4500E+03
   2.350  0.2603E-82  0.4500E+03
   2.380  0.2603E-82  0.4500E+03
   2.410  0.2603E-82  0.4500E+03
   2.440  0.2603E-82  0.4500E+03
   2.470  0.2603E-82  0.4500E+03
   2.500  0.2603E-82  0.4500E+03
   2.530  0.2603E-82  0.4500E+03
   2.560  0.2603E-82  0.4500E+03
   2.590  0.2603E-82  0.4500E+03
   2.620  0.2603E-82  0.4500E+03
   2.650  0.2603E-82  0.4500E+03
   2.680  0.2603E-82  0.4500E+03
   2.710  0.2603E-82  0.4500E+03
   2.740  0.2603E-82  0.4500E+03
   2.770  0.2603E-82  0.4500E+03
   2.800  0.2603E-82  0.4500E+03
   2.830  0.2603E-82  0.4500E+03
   2.860  0.2603E-82  0.4500E+03
   2.890  0.2603E-82  0.4500E+03
   2.920  0.2603E-82  0.4500E+03
   2.950  0.2603E-82  0.4500E+03
   2.980  0.2603E-82  0.4500E+03
   3.010  0.2603E-82  0.4500E+03
   3.040  0.2603E-82  0.4500E+03
   3.070  0.2603E-82  0.4500E+03
   3.100  0.2603E-82  0.4500E+03
   3.130  0.2603E-82  0.4500E+03
   3.160  0.2603E-82  0.4500E+03
   3.190  0.2603E-82  0.4500E+03
   3.220  0.2603E-82  0.4500E+03
   3.250  0.2603E-82  0.4500E+03
   3.280  0.2603E-82  0.4500E+03
   3.310  0.2603E-82  0.4500E+03
   3.340  0.2603E-82  0.4500E+03
   3.370  0.2603E-82  0.4500E+03
   3.400  0.2603E-82  0.4500E+03
   3.430  0.2603E-82  0.4500E+03
   3.460  0.2603E-82  0.4500E+03
   3.490  0.2603E-82  0.4500E+03
   3.520  0.2603E-82  0.4500E+03
   3.550  0.2603E-82  0.4500E+03
   3.580  0.2603E-82  0.4500E+03
   3.610  0.2603E-82  0.4500E+03
   3.640  0.2603E-82  0.4500E+03
   3.670  0.2603E-82  0.4500E+03
   3.700  0.2603E-82  0.4500E+03
   3.730  0.2603E-82  0.4500E+03
   3.760  0.2603E-82  0.4500E+03
   3.790  0.2603E-82  0.4500E+03
   3.820  0.2603E-82  0.4500E+03
   3.850  0.2603E-82  0.4500E+03
   3.880  0.2603E-82  0.4500E+03
   3.910  0.2603E-82  0.4500E+03
   3.940  0.2603E-82  0.4500E+03
   3.970  0.2603E-82  0.4500E+03
   4.000  0.2603E-82  0.4500E+03
   4.030  0.2603E-82  0.4500E+03
   4.060  0.2603E-82  0.4500E+03
   4.090  0.2603E-82  0.4500E+03
   4.120  0.2603E-82  0.4500E+03
   4.150  0.2603E-82  0.4500E+03
   4.180  0.2603E-82  0.4500E+03
   4.210  0.2603E-82  0.4500E+03
   4.240  0.2603E-82  0.4500E+03
   4.270  0.2603E-82  0.4500E+03
   4.300  0.2603E-82  0.4500E+03
   4.330  0.2603E-82  0.4500E+03
   4.360  0.2603E-82  0.4500E+03
   4.390  0.2603E-82  0.4500E+03
   4.420  0.2603E-82  0.4500E+03
   4.450  0.2603E-82  0.4500E+03
   4.480  0.2603E-82  0.4500E+03
   4.510  0.2603E-82  0.4500E+03
   4.540  0.2603E-82  0.4500E+03
   4.570  0.2603E-82  0.4500E+03
   4.600  0.2603E-82  0.4500E+03
   4.630  0.2603E-82  0.4500E+03
   4.660  0.2603E-82  0.4500E+03
   4.690  0.2603E-82  0.4500E+03
   4.720  0.2603E-82  0.4500E+03
   4.750  0.2603E-82  0.4500E+03
   4.780  0.2603E-82  0.4500E+03
   4.810  0.2603E-82  0.4500E+03
   4.840  0.2603E-82  0.4500E+03
   4.870  0.2603E-82  0.4500E+03
   4.900  0.2603E-82  0.4500E+03
   4.930  0.2603E-82  0.4500E+03
   4.960  0.2603E-82  0.4500E+03
   4.990  0.2603E-82  0.4500E+03
   5.020  0.2603E-82  0.4500E+03
   5.050  0.2603E-82  0.4500E+03
   5.080  0.2603E-82  0.4500E+03
   5.110  0.2603E-82  0.4500E+03
   5.140  0.2603E-82  0.4500E+03
   5.170  0.2603E-82  0.4500E+03
   5.200  0.2603E-82  0.4500E+03
   5.230  0.2603E-82  0.4500E+03
   5.260  0.2603E-82  0.4500E+03
   5.290  0.2603E-82  0.4500E+03
   5.320  0.2603E-82  0.4500E+03
   5.350  0.2603E-82  0.4500E+03
   5.380  0.2603E-82  0.4500E+03
   5.410  0.2603E-82  0.4500E+03
   5.440  0.2603E-82  0.4500E+03
   5.470  0.2603E-82  0.4500E+03
   5.500  0.2603E-82  0.4500E+03
   5.530  0.2603E-82  0.4500E+03
   5.560  0.2603E-82  0.4500E+03
   5.590  0.2603E-82  0.4500E+03
   5.620  0.2603E-82  0.4500E+03
   5.650  0.2603E-82  0.4500E+03
   5.680  0.2603E-82  0.4500E+03
   5.710  0.2603E-82  0.4500E+03
   5.740  0.2603E-82  0.4500E+03
   5.770  0.2603E-82  0.4500E+03
   5.800  0.2603E-82  0.4500E+03
   5.830  0.2603E-82  0.4500E+03
   5.860  0.2603E-82  0.4500E+03
   5.890  0.2603E-82  0.4500E+03
   5.920  0.2603E-82  0.4500E+03
   5.950  0.2603E-82  0.4500E+03
   5.980  0.2603E-82  0.4500E+03
   6.010  0.2603E-82  0.4500E+03
   6.040  0.2603E-82  0.4500E+03
   6.070  0.2603E-82  0.4500E+03
   6.100  0.2603E-82  0.4500E+03
   6.130  0.2603E-82  0.4500E+03
   6.160  0.2603E-82  0.4500E+03
   6.190  0.2603E-82  0.4500E+03
   6.220  0.2603E-82  0.4500E+03
   6.250  0.2603E-82  0.4500E+03
   6.280  0.2603E-82  0.4500E+03
   6.310  0.2603E-82  0.4500E+03
   6.340  0.2603E-82  0.4500E+03
   6.370  0.2603E-82  0.4500E+03
   6.400  0.2603E-82  0.4500E+03
   6.430  0.2603E-82  0.4500E+03
   6.460  0.2603E-82  0.4500E+03
   6.490  0.2603E-82  0.4500E+03
   6.520  0.2603E-82  0.4500E+03
   6.550  0.2603E-82  0.4500E+03
   6.580  0.2603E-82  0.4500E+03
   6.610  0.2603E-82  0.4500E+03
   6.640  0.2603E-82  0.4500E+03
   6.670  0.2603E-82  0.4500E+03
   6.700  0.2603E-82  0.4500E+03
   6.730  0.2603E-82  0.4500E+03
   6.760  0.2603E-82  0.4500E+03
   6.790  0.2603E-82  0.4500E+03
   6.820  0.2603E-82  0.4500E+03
   6.850  0.2603E-82  0.4500E+03
   6.880  0.2603E-82  0.4500E+03
   6.910  0.2603E-82  0.4500E+03
   6.940  0.2603E-82  0.4500E+03
   6.970  0.2603E-82  0.4500E+03
   7.000  0.2603E-82  0.4500E+03
   7.030  0.2603E-82  0.4500E+03
   7.060  0.2603E-82  0.4500E+03
   7.090  0.2603E-82  0.4500E+03
   7.120  0.2603E-82  0.4500E+03
   7.150  0.2603E-82  0.4500E+03
   7.180  0.2603E-82  0.4500E+03
   7.210  0.2603E-82  0.4500E+03
   7.240  0.2603E-82  0.4500E+03
   7.270  0.2603E-82  0.4500E+03
   7.300  0.2603E-82  0.4500E+03
   7.330  0.2603E-82  0.4500E+03
   7.360  0.2603E-82  0.4500E+03
   7.390  0.2603E-82  0.4500E+03
   7.420  0.2603E-82  0.4500E+03
   7.450  0.2603E-82  0.4500E+03
   7.480  0.2603E-82  0.4500E+03
   7.510  0.2603E-82  0.4500E+03
   7.540  0.2603E-82  0.4500E+03
   7.570  0.2603E-82  0.4500E+03
   7.600  0.2603E-82  0.4500E+03
   7.630  0.2603E-82  0.4500E+03
   7.660  0.2603E-82  0.4500E+03
   7.690  0.2603E-82  0.4500E+03
   7.720  0.2603E-82  0.4500E+03
   7.750  0.2603E-82  0.4500E+03
   7.780  0.2603E-82  0.4500E+03
   7.810  0.2603E-82  0.4500E+03
   7.840  0.2603E-82  0.4500E+03
   7.870  0.2603E-82  0.4500E+03
   7.900  0.2603E-82  0.4500E+03
   7.930  0.2603E-82  0.4500E+03
   7.960  0.2603E-82  0.4500E+03
   7.990  0.2603E-82  0.4500E+03
   8.020  0.2603E-82  0.4500E+03
   8.050  0.2603E-82  0.4500E+03
   8.080  0.2603E-82  0.4500E+03
   8.110  0.2603E-82  0.4500E+03
   8.140  0.2603E-82  0.4500E+03
   8.170  0.2603E-82  0.4500E+03
   8.200  0.2603E-82  0.4500E+03
   8.230  0.2603E-82  0.4500E+03
   8.260  0.2603E-82  0.4500E+03
   8.290  0.2603E-82  0.4500E+03
   8.320  0.2603E-82  0.4500E+03
   8.350  0.2603E-82  0.4500E+03
   8.380  0.2603E-82  0.4500E+03
   8.410  0.2603E-82  0.4500E+03
   8.440  0.2603E-82  0.4500E+03
   8.470  0.2603E-82  0.4500E+03
   8.500  0.2603E-82  0.4500E+03
   8.530  0.2603E-82  0.4500E+03
   8.560  0.2603E-82  0.4500E+03
   8.590  0.2603E-82  0.4500E+03
   8.620  0.2603E-82  0.4500E+03
   8.650  0.2603E-82  0.4500E+03
   8.680  0.2603E-82  0.4500E+03
   8.710  0.2603E-82  0.4500E+03
   8.740  0.2603E-82  0.4500E+03
   8.770  0.2603E-82  0.4500E+03
   8.800  0.2603E-82  0.4500E+03
   8.830  0.2603E-82  0.4500E+03
   8.860  0.2603E-82  0.4500E+03
   8.890  0.2603E-82  0.4500E+03
   8.920  0.2603E-82  0.4500E+03
   8.950  0.2603E-82  0.4500E+03
   8.980  0.2603E-82  0.4500E+03
   9.010  0.2603E-82  0.4500E+03
   9.040  0.2603E-82  0.4500E+03
   9.070  0.2603E-82  0.4500E+03
   9.100  0.2603E-82  0.4500E+03
   9.130  0.2603E-82  0.4500E+03
   9.160  0.2603E-82  0.4500E+03
   9.190  0.2603E-82  0.4500E+03
   9.220  0.2603E-82  0.4500E+03
   9.250  0.2603E-82  0.4500E+03
   9.280  0.2603E-82  0.4500E+03
   9.310  0.2603E-82  0.4500E+03
   9.340  0.2603E-82  0.4500E+03
   9.370  0.2603E-82  0.4500E+03
   9.400  0.2603E-82  0.4500E+03
   9.430  0.2603E-82  0.4500E+03
   9.460  0.2603E-82  0.4500E+03
   9.490  0.2603E-82  0.4500E+03
   9.520  0.2603E-82  0.4500E+03
   9.550  0.2603E-82  0.4500E+03
   9.580  0.2603E-82  0.4500E+03
   9.610  0.2603E-82  0.4500E+03
   9.640  0.2603E-82  0.4500E+03
   9.670  0.2603E-82  0.4500E+03
   9.700  0.2603E-82  0.4500E+03
   9.730  0.2603E-82  0.4500E+03
   9.760  0.2603E-82  0.4500E+03
   9.790  0.2603E-82  0.4500E+03
   9.820  0.2603E-82  0.4500E+03
   9.850  0.2603E-82  0.4500E+03
   9.880  0.2603E-82  0.4500E+03
   9.910  0.2603E-82  0.4500E+03
   9.940  0.2603E-82  0.4500E+03
   9.970  0.2603E-82  0.4500E+03
  10.000  0.2603E-82  0.4500E+03
  10.030  0.2603E-82  0.4500E+03
  10.060  0.2603E-82  0.4500E+03
  10.090  0.2603E-82  0.4500E+03
  10.120  0.2603E-82  0.4500E+03
  10.150  0.2603E-82  0.4500E+03
  10.180  0.2603E-82  0.4500E+03
  10.210  0.2603E-82  0.4500E+03
  10.240  0.2603E-82  0.4500E+03
  10.270  0.2603E-82  0.4500E+03
  10.300  0.2603E-82  0.4500E+03
  10.330  0.2603E-82  0.4500E+03
  10.360  0.2603E-82  0.4500E+03
  10.390  0.2603E-82  0.4500E+03
  10.420  0.2603E-82  0.4500E+03
  10.450  0.2603E-82  0.4500E+03
  10.480  0.2603E-82  0.4500E+03
  10.510  0.2603E-82  0.4500E+03
  10.540  0.2603E-82  0.4500E+03
  10.570  0.2603E-82  0.4500E+03
  10.600  0.2603E-82  0.4500E+03
  10.630  0.2603E-82  0.4500E+03
  10.660  0.2603E-82  0.4500E+03
  10.690  0.2603E-82  0.4500E+03
  10.720  0.2603E-82  0.4500E+03
  10.750  0.2603E-82  0.4500E+03
  10.780  0.2603E-82  0.4500E+03
  10.810  0.2603E-82  0.4500E+03
  10.840  0.2603E-82  0.4500E+03
  10.870  0.2603E-82  0.4500E+03
  10.900  0.2603E-82  0.4500E+03
  10.930  0.2603E-82  0.4500E+03
  10.960  0.2603E-82  0.4500E+03
  10.990  0.2603E-82  0.4500E+03
  11.020  0.2603E-82  0.4500E+03
  11.050  0.2603E-82  0.4500E+03
  11.080  0.2603E-82  0.4500E+03
  11.110  0.2603E-82  0.4500E+03
  11.140  0.2603E-82  0.4500E+03
  11.170  0.2603E-82  0.4500E+03
  11.200  0.2603E-82  0.4500E+03
  11.230  0.2603E-82  0.4500E+03
  11.260  0.2603E-82  0.4500E+03
  11.290  0.2603E-82  0.4500E+03
  11.320  0.2603E-82  0.4500E+03
  11.350  0.2603E-82  0.4500E+03
  11.380  0.2603E-82  0.4500E+03
  11.410  0.2603E-82  0.4500E+03
  11.440  0.2603E-82  0.4500E+03
  11.470  0.2603E-82  0.4500E+03
  11.500  0.2603E-82  0.4500E+03
  11.530  0.2603E-82  0.4500E+03
  11.560  0.2603E-82  0.4500E+03
  11.590  0.2603E-82  0.4500E+03
  11.620  0.2603E-82  0.4500E+03
  11.650  0.2603E-82  0.4500E+03
  11.680  0.2603E-82  0.4500E+03
  11.710  0.2603E-82  0.4500E+03
  11.740  0.2603E-82  0.4500E+03
  11.770  0.2603E-82  0.4500E+03
  11.800  0.2603E-82  0.4500E+03
  11.830  0.2603E-82  0.4500E+03
  11.860  0.2603E-82  0.4500E+03
  11.890  0.2603E-82  0.4500E+03
  11.920  0.2603E-82  0.4500E+03
  11.950  0.2603E-82  0.4500E+03
  11.980  0.2603E-82  0.4500E+03
  12.010  0.2603E-82  0.4500E+03
  12.040  0.2603E-82  0.4500E+03
  12.070  0.2603E-82  0.4500E+03
  12.100  0.2603E-82  0.4500E+03
  12.130  0.2603E-82  0.4500E+03
  12.160  0.2603E-82  0.4500E+03
  12.190  0.2603E-82  0.4500E+03
  12.220  0.2603E-82  0.4500E+03
  12.250  0.2603E-82  0.4500E+03
  12.280  0.2603E-82  0.4500E+03
  12.310  0.2603E-82  0.4500E+03
  12.340  0.2603E-82  0.4500E+03
  12.370  0.2603E-82  0.4500E+03
  12.400  0.2603E-82  0.4500E+03
  12.430  0.2603E-82  0.4500E+03
  12.460  0.2603E-82  0.4500E+03
  12.490  0.2603E-82  0.4500E+03
  12.520  0.2603E-82  0.4500E+03
  12.550  0.2603E-82  0.4500E+03
  12.580  0.2603E-82  0.4500E+03
  12.610  0.2603E-82  0.4500E+03
  12.640  0.2603E-82  0.4500E+03
  12.670  0.2603E-82  0.4500E+03
  12.700  0.2603E-82  0.4500E+03
  12.730  0.2603E-82  0.4500E+03
  12.760  0.2603E-82  0.4500E+03
  12.790  0.2603E-82  0.4500E+03
  12.820  0.2603E-82  0.4500E+03
  12.850  0.2603E-82  0.4500E+03
  12.880  0.2603E-82  0.4500E+03
  12.910  0.2603E-82  0.4500E+03
  12.940  0.2603E-82  0.4500E+03
  12.970  0.2603E-82  0.4500E+03
  13.000  0.2603E-82  0.4500E+03
  13.030  0.2603E-82  0.4500E+03
  13.060  0.2603E-82  0.4500E+03
  13.090  0.2603E-82  0.4500E+03
  13.120  0.2603E-82  0.4500E+03
  13.150  0.2603E-82  0.4500E+03
  13.180  0.2603E-82  0.4500E+03
  13.210  0.2603E-82  0.4500E+03
  13.240  0.2603E-82  0.4500E+03
  13.270  0.2603E-82  0.4500E+03
  13.300  0.2603E-82  0.4500E+03
  13.330  0.2603E-82  0.4500E+03
  13.360  0.2603E-82  0.4500E+03
  13.390  0.2603E-82  0.4500E+03
  13.420  0.2603E-82  0.4500E+03
  13.450  0.2603E-82  0.4500E+03
  13.480  0.2603E-82  0.4500E+03
  13.510  0.2603E-82  0.4500E+03
  13.540  0.2603E-82  0.4500E+03
  13.570  0.2603E-82  0.4500E+03
  13.600  0.2603E-82  0.4500E+03
  13.630  0.2603E-82  0.4500E+03
  13.660  0.2603E-82  0.4500E+03
  13.690  0.2603E-82  0.4500E+03
  13.720  0.2603E-82  0.4500E+03
  13.750  0.2603E-82  0.4500E+03
  13.780  0.2603E-82  0.4500E+03
  13.810  0.2603E-82  0.4500E+03
  13.840  0.2603E-82  0.4500E+03
  13.870  0.2603E-82  0.4500E+03
  13.900  0.2603E-82  0.4500E+03
  13.930  0.2603E-82  0.4500E+03
  13.960  0.2603E-82  0.4500E+03
  13.990  0.2603E-82  0.4500E+03
  14.020  0.2603E-82  0.4500E+03
  14.050  0.2603E-82  0.4500E+03
  14.080  0.2603E-82  0.4500E+03
  14.110  0.2603E-82  0.4500E+03
  14.140  0.2603E-82  0.4500E+03
  14.170  0.2603E-82  0.4500E+03
  14.200  0.2603E-82  0.4500E+03
  14.230  0.2603E-82  0.4500E+03
  14.260  0.2603E-82  0.4500E+03
  14.290  0.2603E-82  0.4500E+03
  14.320  0.2603E-82  0.4500E+03
  14.350  0.2603E-82  0.4500E+03
  14.380  0.2603E-82  0.4500E+03
  14.410  0.2603E-82  0.4500E+03
  14.440  0.2603E-82  0.4500E+03
  14.470  0.2603E-82  0.4500E+03
  14.500  0.2603E-82  0.4500E+03
  14.530  0.2603E-82  0.4500E+03
  14.560  0.2603E-82  0.4500E+03
  14.590  0.2603E-82  0.4500E+03
  14.620  0.2603E-82  0.4500E+03
  14.650  0.2603E-82  0.4500E+03
  14.680  0.2603E-82  0.4500E+03
  14.710  0.2603E-82  0.4500E+03
  14.740  0.2603E-82  0.4500E+03
  14.770  0.2603E-82  0.4500E+03
  14.800  0.2603E-82  0.4500E+03
  14.830  0.2603E-82  0.4500E+03
  14.860  0.2603E-82  0.4500E+03
  14.890  0.2603E-82  0.4500E+03
  14.920  0.2603E-82  0.4500E+03
  14.950  0.2603E-82  0.4500E+03
  14.980  0.2603E-82  0.4500E+03
  15.010  0.2603E-82  0.4500E+03
  15.040  0.2603E-82  0.4500E+03
  15.070  0.2603E-82  0.4500E+03
  15.100  0.2603E-82  0.4500E+03
  15.130  0.2603E-82  0.4500E+03
  15.160  0.2603E-82  0.4500E+03
  15.190  0.2603E-82  0.4500E+03
  15.220  0.2603E-82  0.4500E+03
  15.250  0.2603E-82  0.4500E+03
  15.280  0.2603E-82  0.4500E+03
  15.310  0.2603E-82  0.4500E+03
  15.340  0.2603E-82  0.4500E+03
  15.370  0.2603E-82  0.4500E+03
  15.400  0.2603E-82  0.4500E+03
  15.430  0.2603E-82  0.4500E+03
  15.460  0.2603E-82  0.4500E+03
  15.490  0.2603E-82  0.4500E+03
  15.520  0.2603E-82  0.4500E+03
  15.550  0.2603E-82  0.4500E+03
  15.580  0.2603E-82  0.4500E+03
  15.610  0.2603E-82  0.4500E+03
  15.640  0.2603E-82  0.4500E+03
  15.670  0.2603E-82  0.4500E+03
  15.700  0.2603E-82  0.4500E+03
  15.730  0.2603E-82  0.4500E+03
  15.760  0.2603E-82  0.4500E+03
  15.790  0.2603E-82  0.4500E+03
  15.820  0.2603E-82  0.4500E+03
  15.850  0.2603E-82  0.4500E+03
  15.880  0.2603E-82  0.4500E+03
  15.910  0.2603E-82  0.4500E+03
  15.940  0.2603E-82  0.4500E+03
  15.970  0.2603E-82  0.4500E+03
  16.000  0.2603E-82  0.4500E+03
  16.030  0.2603E-82  0.4500E+03
  16.060  0.2603E-82  0.4500E+03
  16.090  0.2603E-82  0.4500E+03
  16.120  0.2603E-82  0.4500E+03
  16.150  0.2603E-82  0.4500E+03
  16.180  0.2603E-82  0.4500E+03
  16.210  0.2603E-82  0.4500E+03
  16.240  0.2603E-82  0.4500E+03
  16.270  0.2603E-82  0.4500E+03
  16.300  0.2603E-82  0.4500E+03
  16.330  0.2603E-82  0.4500E+03
  16.360  0.2603E-82  0.4500E+03
  16.390  0.2603E-82  0.4500E+03
  16.420  0.2603E-82  0.4500E+03
  16.450  0.2603E-82  0.4500E+03
  16.480  0.2603E-82  0.4500E+03
  16.510  0.2603E-82  0.4500E+03
  16.540  0.2603E-82  0.4500E+03
  16.570  0.2603E-82  0.4500E+03
  16.600  0.2603E-82  0.4500E+03
  16.630  0.2603E-82  0.4500E+03
  16.660  0.2603E-82  0.4500E+03
  16.690  0.2603E-82  0.4500E+03
  16.720  0.2603E-82  0.4500E+03
  16.750  0.2603E-82  0.4500E+03
  16.780  0.2603E-82  0.4500E+03
  16.810  0.2603E-82  0.4500E+03
  16.840  0.2603E-82  0.4500E+03
  16.870  0.2603E-82  0.4500E+03
  16.900  0.2603E-82  0.4500E+03
  16.930  0.2603E-82  0.4500E+03
  16.960  0.2603E-82  0.4500E+03
  16.990  0.2603E-82  0.4500E+03
  17.020  0.2603E-82  0.4500E+03
  17.050  0.2603E-82  0.4500E+03
  17.080  0.2603E-82  0.4500E+03
  17.110  0.2603E-82  0.4500E+03
  17.140  0.2603E-82  0.4500E+03
  17.170  0.2603E-82  0.4500E+03
  17.200  0.2603E-82  0.4500E+03
  17.230  0.2603E-82  0.4500E+03
  17.260  0.2603E-82  0.4500E+03
  17.290  0.2603E-82  0.4500E+03
  17.320  0.2603E-82  0.4500E+03
  17.350  0.2603E-82  0.4500E+03
  17.380  0.2603E-82  0.4500E+03
  17.410  0.2603E-82  0.4500E+03
  17.440  0.2603E-82  0.4500E+03
  17.470  0.2603E-82  0.4500E+03
  17.500  0.2603E-82  0.4500E+03
  17.530  0.2603E-82  0.4500E+03
  17.560  0.2603E-82  0.4500E+03
  17.590  0.2603E-82  0.4500E+03
  17.620  0.2603E-82  0.4500E+03
  17.650  0.2603E-82  0.4500E+03
  17.680  0.2603E-82  0.4500E+03
  17.710  0.2603E-82  0.4500E+03
  17.740  0.2603E-82  0.4500E+03
  17.770  0.2603E-82  0.4500E+03
  17.800  0.2603E-82  0.4500E+03
  17.830  0.2603E-82  0.4500E+03
  17.860  0.2603E-82  0.4500E+03
  17.890  0.2603E-82  0.4500E+03
  17.920  0.2603E-82  0.4500E+03
  17.950  0.2603E-82  0.4500E+03
  17.980  0.2603E-82  0.4500E+03
  18.010  0.2603E-82  0.4500E+03
  18.040  0.2603E-82  0.4500E+03
  18.070  0.2603E-82  0.4500E+03
  18.100  0.2603E-82  0.4500E+03
  18.130  0.2603E-82  0.4500E+03
  18.160  0.2603E-82  0.4500E+03
  18.190  0.2603E-82  0.4500E+03
  18.220  0.2603E-82  0.4500E+03
  18.250  0.2603E-82  0.4500E+03
  18.280  0.2603E-82  0.4500E+03
  18.310  0.2603E-82  0.4500E+03
  18.340  0.2603E-82  0.4500E+03
  18.370  0.2603E-82  0.4500E+03
  18.400  0.2603E-82  0.4500E+03
  18.430  0.2603E-82  0.4500E+03
  18.460  0.2603E-82  0.4500E+03
  18.490  0.2603E-82  0.4500E+03
  18.520  0.2603E-82  0.4500E+03
  18.550  0.2603E-82  0.4500E+03
  18.580  0.2603E-82  0.4500E+03
  18.610  0.2603E-82  0.4500E+03
  18.640  0.2603E-82  0.4500E+03
  18.670  0.2603E-82  0.4500E+03
  18.700  0.2603E-82  0.4500E+03
  18.730  0.2603E-82  0.4500E+03
  18.760  0.2603E-82  0.4500E+03
  18.790  0.2603E-82  0.4500E+03
  18.820  0.2603E-82  0.4500E+03
  18.850  0.2603E-82  0.4500E+03
  18.880  0.2603E-82  0.4500E+03
  18.910  0.2603E-82  0.4500E+03
  18.940  0.2603E-82  0.4500E+03
  18.970  0.2603E-82  0.4500E+03
  19.000  0.2603E-82  0.4500E+03
  19.030  0.2603E-82  0.4500E+03
  19.060  0.2603E-82  0.4500E+03
  19.090  0.2603E-82  0.4500E+03
  19.120  0.2603E-82  0.4500E+03
  19.150  0.2603E-82  0.4500E+03
  19.180  0.2603E-82  0.4500E+03
  19.210  0.2603E-82  0.4500E+03
  19.240  0.2603E-82  0.4500E+03
  19.270  0.2603E-82  0.4500E+03
  19.300  0.2603E-82  0.4500E+03
  19.330  0.2603E-82  0.4500E+03
  19.360  0.2603E-82  0.4500E+03
  19.390  0.2603E-82  0.4500E+03
  19.420  0.2603E-82  0.4500E+03
  19.450  0.2603E-82  0.4500E+03
  19.480  0.2603E-82  0.4500E+03
  19.510  0.2603E-82  0.4500E+03
  19.540  0.2603E-82  0.4500E+03
  19.570  0.2603E-82  0.4500E+03
  19.600  0.2603E-82  0.4500E+03
  19.630  0.2603E-82  0.4500E+03
  19.660  0.2603E-82  0.4500E+03
  19.690  0.2603E-82  0.4500E+03
  19.720  0.2603E-82  0.4500E+03
  19.750  0.2603E-82  0.4500E+03
  19.780  0.2603E-82  0.4500E+03
  19.810  0.2603E-82  0.4500E+03
  19.840  0.2603E-82  0.4500E+03
  19.870  0.2603E-82  0.4500E+03
  19.900  0.2603E-82  0.4500E+03
  19.930  0.2603E-82  0.4500E+03
  19.960  0.2603E-82  0.4500E+03
  19.990  0.2603E-82  0.4500E+03
