  MX2
41.06858013559188
42.82275766965457
44.02548032959336
44.14379567324124
45.73676857778138
47.20098040601429
49.17959052927109
54.97353581843164
57.85766688259371
65.51295126816215
65.69866089436051
67.21855519186171
79.72315265146942
81.68739371819082
82.03462098667922
84.82974927265268
91.61732290587122
91.89261052916677
92.32240299114423
92.52414627192599
93.18854065348968
95.95963590804963
96.27274300980316
97.71457683971536
98.69072588387206
99.16099791643148
100.9457740653956
101.2044771992476
101.8548988745873
101.9541733461543
105.2031465607179
106.5571176101715
106.6940165006490
107.2521102865365
107.5585869960535
109.7368772344049
109.7872255382703
111.1697162717640
111.6280112273755
112.8051293243119
112.9534647751460
114.6738416089708
114.7259705994525
117.2101467289168
117.2783537473053
120.3933905735255
121.3919465308384
121.4962250132777
121.9447455860004
122.0746693049657
122.6048196826914
125.5675862019673
126.0402230519813
127.1353662763035
128.1931657055357
128.4986886929008
129.0158244015502
130.0466630774546
131.9934770886773
133.0325856736712
135.5703838070281
135.9080503812494
137.9083427830825
141.3394966752369
145.6386157790212
147.4592027761863
147.8482157640437
148.2270689228247
149.1612160772002
150.0255810594156
151.8336109578361
152.0675861029869
154.1962775098862
154.4104838216392
156.3962035226785
157.0473863725578
159.2730547437617
160.9641377602143
163.2529881307853
163.7733097940182
165.1561277784306
165.9551492936220
167.0433239601774
168.4035157369959
170.6898880709028
171.6551905174736
172.0825781836917
174.6469079076409
175.2182802093397
175.3736109480197
175.5995748276064
177.8546529303294
178.3550224907492
178.4442298455184
180.9104622443961
181.9376827690766
183.273809394494
184.345213054412
184.474540745105
185.008416041220
185.867138743162
186.856478447709
188.760617947025
188.853448017364
189.389859248877
190.613023268140
191.313947168876
191.677956553469
192.437302091946
193.670724090593
193.697902035676
194.594634485799
194.763155328378
195.090226588265
196.939402719320
197.848735590338
198.103679146706
198.362394234913
198.690497711423
198.730790557495
198.963861282100
200.011710452731
200.709670803344
201.153427338845
202.464330671271
202.892573235703
203.578973349858
204.980342491033
205.106417898808
206.874595525091
207.312041152938
207.475317503511
208.359891620013
208.457042371422
209.315393930154
212.920426784010
213.560557362404
214.532290938195
219.139710402751
219.854112066053
220.735323304912
224.074674597754
229.943560713946
257.548744646617
258.486725547417
260.311704567064
261.275772920127
261.539277188544
264.000719057944
264.720520574806
266.114373490065
267.455057717595
268.262535868675
268.426515062067
269.112571920984
270.007631331487
270.242239819461
271.449526355531
271.742849106120
272.184012724799
272.450174962880
273.010450144388
273.922149481492
275.035273733057
275.239176393654
275.472984412028
276.072548021870
276.357588222275
276.471728868970
277.229181196954
277.435668737702
277.633590171693
278.630262637365
279.230613154778
279.542291727435
280.302012025968
280.524321604757
280.763995191707
281.233210217186
282.218296938323
282.662909863109
282.980747059754
283.075633571079
283.880746286673
284.010666602439
284.404358699038
284.815005672629
286.192226762478
286.636243137169
286.727526090362
287.294394027046
288.141610601554
288.280608627013
288.521955661406
289.163984388191
289.748980019232
290.967629214667
291.502911147000
292.146512006146
294.907824686317
295.540416076656
297.006436185439
297.437586596471
299.054184222010
299.099395551036
304.246579447260
308.003428624916
318.816291891992
320.797557636871
322.658710470298
322.815012045506
326.076085121471
341.793392760780
