     x        y             z
 -20.000  0.1692E-82  0.5075E-84
 -19.970  0.1692E-82  0.1015E-83
 -19.940  0.1692E-82  0.1523E-83
 -19.910  0.1692E-82  0.2030E-83
 -19.880  0.1692E-82  0.2538E-83
 -19.850  0.1692E-82  0.3045E-83
 -19.820  0.1692E-82  0.3553E-83
 -19.790  0.1692E-82  0.4060E-83
 -19.760  0.1692E-82  0.4568E-83
 -19.730  0.1692E-82  0.5075E-83
 -19.700  0.1692E-82  0.5583E-83
 -19.670  0.1692E-82  0.6090E-83
 -19.640  0.1692E-82  0.6598E-83
 -19.610  0.1692E-82  0.7105E-83
 -19.580  0.1692E-82  0.7613E-83
 -19.550  0.1692E-82  0.8120E-83
 -19.520  0.1692E-82  0.8628E-83
 -19.490  0.1692E-82  0.9135E-83
 -19.460  0.1692E-82  0.9643E-83
 -19.430  0.1692E-82  0.1015E-82
 -19.400  0.1692E-82  0.1066E-82
 -19.370  0.1692E-82  0.1117E-82
 -19.340  0.1692E-82  0.1167E-82
 -19.310  0.1692E-82  0.1218E-82
 -19.280  0.1692E-82  0.1269E-82
 -19.250  0.1692E-82  0.1320E-82
 -19.220  0.1692E-82  0.1370E-82
 -19.190  0.1692E-82  0.1421E-82
 -19.160  0.1692E-82  0.1472E-82
 -19.130  0.1692E-82  0.1523E-82
 -19.100  0.1692E-82  0.1573E-82
 -19.070  0.1692E-82  0.1624E-82
 -19.040  0.1692E-82  0.1675E-82
 -19.010  0.1692E-82  0.1726E-82
 -18.980  0.1692E-82  0.1776E-82
 -18.950  0.1692E-82  0.1827E-82
 -18.920  0.1692E-82  0.1878E-82
 -18.890  0.1692E-82  0.1929E-82
 -18.860  0.1692E-82  0.1979E-82
 -18.830  0.1692E-82  0.2030E-82
 -18.800  0.1692E-82  0.2081E-82
 -18.770  0.1692E-82  0.2132E-82
 -18.740  0.1692E-82  0.2182E-82
 -18.710  0.1692E-82  0.2233E-82
 -18.680  0.1692E-82  0.2284E-82
 -18.650  0.1692E-82  0.2335E-82
 -18.620  0.1692E-82  0.2385E-82
 -18.590  0.1692E-82  0.2436E-82
 -18.560  0.1692E-82  0.2487E-82
 -18.530  0.1692E-82  0.2538E-82
 -18.500  0.1692E-82  0.2588E-82
 -18.470  0.1692E-82  0.2639E-82
 -18.440  0.1692E-82  0.2690E-82
 -18.410  0.1692E-82  0.2741E-82
 -18.380  0.1692E-82  0.2791E-82
 -18.350  0.1692E-82  0.2842E-82
 -18.320  0.1692E-82  0.2893E-82
 -18.290  0.1692E-82  0.2944E-82
 -18.260  0.1692E-82  0.2994E-82
 -18.230  0.1692E-82  0.3045E-82
 -18.200  0.1692E-82  0.3096E-82
 -18.170  0.1692E-82  0.3147E-82
 -18.140  0.1692E-82  0.3197E-82
 -18.110  0.1692E-82  0.3248E-82
 -18.080  0.1692E-82  0.3299E-82
 -18.050  0.1692E-82  0.3350E-82
 -18.020  0.1692E-82  0.3400E-82
 -17.990  0.1692E-82  0.3451E-82
 -17.960  0.1692E-82  0.3502E-82
 -17.930  0.1692E-82  0.3553E-82
 -17.900  0.1692E-82  0.3603E-82
 -17.870  0.1692E-82  0.3654E-82
 -17.840  0.1692E-82  0.3705E-82
 -17.810  0.1692E-82  0.3756E-82
 -17.780  0.1692E-82  0.3806E-82
 -17.750  0.1692E-82  0.3857E-82
 -17.720  0.1692E-82  0.3908E-82
 -17.690  0.1692E-82  0.3959E-82
 -17.660  0.1692E-82  0.4009E-82
 -17.630  0.1692E-82  0.4060E-82
 -17.600  0.1692E-82  0.4111E-82
 -17.570  0.1692E-82  0.4162E-82
 -17.540  0.1692E-82  0.4212E-82
 -17.510  0.1692E-82  0.4263E-82
 -17.480  0.1692E-82  0.4314E-82
 -17.450  0.1692E-82  0.4365E-82
 -17.420  0.1692E-82  0.4415E-82
 -17.390  0.1692E-82  0.4466E-82
 -17.360  0.1692E-82  0.4517E-82
 -17.330  0.1692E-82  0.4568E-82
 -17.300  0.1692E-82  0.4618E-82
 -17.270  0.1692E-82  0.4669E-82
 -17.240  0.1692E-82  0.4720E-82
 -17.210  0.1692E-82  0.4771E-82
 -17.180  0.1692E-82  0.4821E-82
 -17.150  0.1692E-82  0.4872E-82
 -17.120  0.1692E-82  0.4923E-82
 -17.090  0.1692E-82  0.4974E-82
 -17.060  0.1692E-82  0.5024E-82
 -17.030  0.1692E-82  0.5075E-82
 -17.000  0.1692E-82  0.5126E-82
 -16.970  0.1692E-82  0.5177E-82
 -16.940  0.1692E-82  0.5227E-82
 -16.910  0.1692E-82  0.5278E-82
 -16.880  0.1692E-82  0.5329E-82
 -16.850  0.1692E-82  0.5380E-82
 -16.820  0.1692E-82  0.5430E-82
 -16.790  0.1692E-82  0.5481E-82
 -16.760  0.1692E-82  0.5532E-82
 -16.730  0.1692E-82  0.5583E-82
 -16.700  0.1692E-82  0.5633E-82
 -16.670  0.1692E-82  0.5684E-82
 -16.640  0.1692E-82  0.5735E-82
 -16.610  0.1692E-82  0.5786E-82
 -16.580  0.1692E-82  0.5836E-82
 -16.550  0.1692E-82  0.5887E-82
 -16.520  0.1692E-82  0.5938E-82
 -16.490  0.1692E-82  0.5989E-82
 -16.460  0.1692E-82  0.6039E-82
 -16.430  0.1692E-82  0.6090E-82
 -16.400  0.1692E-82  0.6141E-82
 -16.370  0.1692E-82  0.6192E-82
 -16.340  0.1692E-82  0.6242E-82
 -16.310  0.1692E-82  0.6293E-82
 -16.280  0.1692E-82  0.6344E-82
 -16.250  0.1692E-82  0.6395E-82
 -16.220  0.1692E-82  0.6445E-82
 -16.190  0.1692E-82  0.6496E-82
 -16.160  0.1692E-82  0.6547E-82
 -16.130  0.1692E-82  0.6598E-82
 -16.100  0.1692E-82  0.6648E-82
 -16.070  0.1692E-82  0.6699E-82
 -16.040  0.1692E-82  0.6750E-82
 -16.010  0.1692E-82  0.6801E-82
 -15.980  0.1692E-82  0.6851E-82
 -15.950  0.1692E-82  0.6902E-82
 -15.920  0.1692E-82  0.6953E-82
 -15.890  0.1692E-82  0.7004E-82
 -15.860  0.1692E-82  0.7054E-82
 -15.830  0.1692E-82  0.7105E-82
 -15.800  0.1692E-82  0.7156E-82
 -15.770  0.1692E-82  0.7207E-82
 -15.740  0.1692E-82  0.7257E-82
 -15.710  0.1692E-82  0.7308E-82
 -15.680  0.1692E-82  0.7359E-82
 -15.650  0.1692E-82  0.7410E-82
 -15.620  0.1692E-82  0.7460E-82
 -15.590  0.1692E-82  0.7511E-82
 -15.560  0.1692E-82  0.7562E-82
 -15.530  0.1692E-82  0.7613E-82
 -15.500  0.1692E-82  0.7663E-82
 -15.470  0.1692E-82  0.7714E-82
 -15.440  0.1692E-82  0.7765E-82
 -15.410  0.1692E-82  0.7816E-82
 -15.380  0.1692E-82  0.7866E-82
 -15.350  0.1692E-82  0.7917E-82
 -15.320  0.1692E-82  0.7968E-82
 -15.290  0.1692E-82  0.8019E-82
 -15.260  0.1692E-82  0.8069E-82
 -15.230  0.1692E-82  0.8120E-82
 -15.200  0.1692E-82  0.8171E-82
 -15.170  0.1274E-78  0.3903E-80
 -15.140  0.2817E-67  0.8451E-69
 -15.110  0.8431E-57  0.2529E-58
 -15.080  0.3415E-47  0.1025E-48
 -15.050  0.1872E-38  0.5617E-40
 -15.020  0.1389E-30  0.4168E-32
 -14.990  0.1395E-23  0.4185E-25
 -14.960  0.1896E-17  0.5687E-19
 -14.930  0.3486E-12  0.1046E-13
 -14.900  0.8677E-08  0.2603E-09
 -14.870  0.2923E-04  0.8771E-06
 -14.840  0.1332E-01  0.4006E-03
 -14.810  0.8220E+00  0.2506E-01
 -14.780  0.6863E+01  0.2310E+00
 -14.750  0.7756E+01  0.4636E+00
 -14.720  0.1188E+01  0.4993E+00
 -14.690  0.5208E+00  0.5149E+00
 -14.660  0.1415E+02  0.9394E+00
 -14.630  0.5468E+02  0.2580E+01
 -14.600  0.2863E+02  0.3439E+01
 -14.570  0.2031E+01  0.3500E+01
 -14.540  0.1953E-01  0.3500E+01
 -14.510  0.2544E-04  0.3500E+01
 -14.480  0.8812E-05  0.3500E+01
 -14.450  0.8894E-02  0.3500E+01
 -14.420  0.1216E+01  0.3537E+01
 -14.390  0.2249E+02  0.4212E+01
 -14.360  0.5632E+02  0.5901E+01
 -14.330  0.1909E+02  0.6474E+01
 -14.300  0.1552E+01  0.6521E+01
 -14.270  0.1667E+02  0.7021E+01
 -14.240  0.5577E+02  0.8694E+01
 -14.210  0.2532E+02  0.9453E+01
 -14.180  0.1560E+01  0.9500E+01
 -14.150  0.1305E-01  0.9501E+01
 -14.120  0.1481E-04  0.9501E+01
 -14.090  0.2282E-08  0.9501E+01
 -14.060  0.1698E-11  0.9501E+01
 -14.030  0.4845E-07  0.9501E+01
 -14.000  0.1926E-03  0.9501E+01
 -13.970  0.1036E+00  0.9504E+01
 -13.940  0.7551E+01  0.9730E+01
 -13.910  0.7447E+02  0.1196E+02
 -13.880  0.9944E+02  0.1495E+02
 -13.850  0.1800E+02  0.1549E+02
 -13.820  0.1651E+01  0.1554E+02
 -13.790  0.7813E+01  0.1577E+02
 -13.760  0.8013E+01  0.1601E+02
 -13.730  0.3014E+02  0.1692E+02
 -13.700  0.1064E+03  0.2011E+02
 -13.670  0.5823E+02  0.2186E+02
 -13.640  0.4788E+01  0.2200E+02
 -13.610  0.1449E+01  0.2204E+02
 -13.580  0.2401E+02  0.2276E+02
 -13.550  0.5649E+02  0.2446E+02
 -13.520  0.3025E+02  0.2537E+02
 -13.490  0.5435E+02  0.2700E+02
 -13.460  0.3498E+02  0.2804E+02
 -13.430  0.4014E+02  0.2925E+02
 -13.400  0.5230E+02  0.3082E+02
 -13.370  0.5758E+02  0.3255E+02
 -13.340  0.1197E+03  0.3614E+02
 -13.310  0.1093E+03  0.3942E+02
 -13.280  0.1010E+03  0.4245E+02
 -13.250  0.1841E+02  0.4300E+02
 -13.220  0.1332E+02  0.4340E+02
 -13.190  0.7793E+02  0.4574E+02
 -13.160  0.8878E+02  0.4840E+02
 -13.130  0.1938E+02  0.4898E+02
 -13.100  0.7959E+00  0.4900E+02
 -13.070  0.5642E+01  0.4917E+02
 -13.040  0.5124E+02  0.5071E+02
 -13.010  0.1340E+03  0.5473E+02
 -12.980  0.2202E+03  0.6134E+02
 -12.950  0.2401E+03  0.6854E+02
 -12.920  0.1331E+03  0.7253E+02
 -12.890  0.5692E+02  0.7424E+02
 -12.860  0.8739E+01  0.7450E+02
 -12.830  0.1829E+02  0.7505E+02
 -12.800  0.1907E+03  0.8077E+02
 -12.770  0.2826E+03  0.8925E+02
 -12.740  0.8304E+02  0.9174E+02
 -12.710  0.7219E+02  0.9391E+02
 -12.680  0.7655E+02  0.9620E+02
 -12.650  0.6839E+02  0.9825E+02
 -12.620  0.5004E+02  0.9975E+02
 -12.590  0.7960E+01  0.9999E+02
 -12.560  0.1777E+00  0.1000E+03
 -12.530  0.5383E-03  0.1000E+03
 -12.500  0.2208E-06  0.1000E+03
 -12.470  0.1227E-10  0.1000E+03
 -12.440  0.9226E-16  0.1000E+03
 -12.410  0.9397E-22  0.1000E+03
 -12.380  0.1296E-28  0.1000E+03
 -12.350  0.2421E-36  0.1000E+03
 -12.320  0.6121E-45  0.1000E+03
 -12.290  0.2096E-54  0.1000E+03
 -12.260  0.9721E-65  0.1000E+03
 -12.230  0.6104E-76  0.1000E+03
 -12.200  0.1692E-82  0.1000E+03
 -12.170  0.1692E-82  0.1000E+03
 -12.140  0.1692E-82  0.1000E+03
 -12.110  0.1692E-82  0.1000E+03
 -12.080  0.1692E-82  0.1000E+03
 -12.050  0.1692E-82  0.1000E+03
 -12.020  0.1692E-82  0.1000E+03
 -11.990  0.1692E-82  0.1000E+03
 -11.960  0.1692E-82  0.1000E+03
 -11.930  0.1692E-82  0.1000E+03
 -11.900  0.1692E-82  0.1000E+03
 -11.870  0.1692E-82  0.1000E+03
 -11.840  0.1692E-82  0.1000E+03
 -11.810  0.1692E-82  0.1000E+03
 -11.780  0.1692E-82  0.1000E+03
 -11.750  0.1692E-82  0.1000E+03
 -11.720  0.1692E-82  0.1000E+03
 -11.690  0.1692E-82  0.1000E+03
 -11.660  0.1692E-82  0.1000E+03
 -11.630  0.1692E-82  0.1000E+03
 -11.600  0.1692E-82  0.1000E+03
 -11.570  0.1692E-82  0.1000E+03
 -11.540  0.1692E-82  0.1000E+03
 -11.510  0.1692E-82  0.1000E+03
 -11.480  0.1692E-82  0.1000E+03
 -11.450  0.1692E-82  0.1000E+03
 -11.420  0.1692E-82  0.1000E+03
 -11.390  0.1692E-82  0.1000E+03
 -11.360  0.1692E-82  0.1000E+03
 -11.330  0.1692E-82  0.1000E+03
 -11.300  0.1692E-82  0.1000E+03
 -11.270  0.1692E-82  0.1000E+03
 -11.240  0.1692E-82  0.1000E+03
 -11.210  0.1692E-82  0.1000E+03
 -11.180  0.1692E-82  0.1000E+03
 -11.150  0.1692E-82  0.1000E+03
 -11.120  0.1692E-82  0.1000E+03
 -11.090  0.1692E-82  0.1000E+03
 -11.060  0.1692E-82  0.1000E+03
 -11.030  0.1692E-82  0.1000E+03
 -11.000  0.1692E-82  0.1000E+03
 -10.970  0.1692E-82  0.1000E+03
 -10.940  0.1692E-82  0.1000E+03
 -10.910  0.1692E-82  0.1000E+03
 -10.880  0.1692E-82  0.1000E+03
 -10.850  0.1692E-82  0.1000E+03
 -10.820  0.1692E-82  0.1000E+03
 -10.790  0.1692E-82  0.1000E+03
 -10.760  0.1692E-82  0.1000E+03
 -10.730  0.1692E-82  0.1000E+03
 -10.700  0.1692E-82  0.1000E+03
 -10.670  0.1692E-82  0.1000E+03
 -10.640  0.1692E-82  0.1000E+03
 -10.610  0.1692E-82  0.1000E+03
 -10.580  0.1692E-82  0.1000E+03
 -10.550  0.1692E-82  0.1000E+03
 -10.520  0.1692E-82  0.1000E+03
 -10.490  0.1692E-82  0.1000E+03
 -10.460  0.1692E-82  0.1000E+03
 -10.430  0.1692E-82  0.1000E+03
 -10.400  0.1692E-82  0.1000E+03
 -10.370  0.1692E-82  0.1000E+03
 -10.340  0.1692E-82  0.1000E+03
 -10.310  0.1692E-82  0.1000E+03
 -10.280  0.1692E-82  0.1000E+03
 -10.250  0.1692E-82  0.1000E+03
 -10.220  0.1692E-82  0.1000E+03
 -10.190  0.1692E-82  0.1000E+03
 -10.160  0.1692E-82  0.1000E+03
 -10.130  0.1692E-82  0.1000E+03
 -10.100  0.1692E-82  0.1000E+03
 -10.070  0.1692E-82  0.1000E+03
 -10.040  0.1692E-82  0.1000E+03
 -10.010  0.1692E-82  0.1000E+03
  -9.980  0.1692E-82  0.1000E+03
  -9.950  0.1692E-82  0.1000E+03
  -9.920  0.1692E-82  0.1000E+03
  -9.890  0.1692E-82  0.1000E+03
  -9.860  0.1692E-82  0.1000E+03
  -9.830  0.1692E-82  0.1000E+03
  -9.800  0.1692E-82  0.1000E+03
  -9.770  0.1692E-82  0.1000E+03
  -9.740  0.1692E-82  0.1000E+03
  -9.710  0.1692E-82  0.1000E+03
  -9.680  0.1692E-82  0.1000E+03
  -9.650  0.1692E-82  0.1000E+03
  -9.620  0.1692E-82  0.1000E+03
  -9.590  0.1692E-82  0.1000E+03
  -9.560  0.1692E-82  0.1000E+03
  -9.530  0.1692E-82  0.1000E+03
  -9.500  0.1692E-82  0.1000E+03
  -9.470  0.1692E-82  0.1000E+03
  -9.440  0.1692E-82  0.1000E+03
  -9.410  0.1692E-82  0.1000E+03
  -9.380  0.1692E-82  0.1000E+03
  -9.350  0.1692E-82  0.1000E+03
  -9.320  0.1692E-82  0.1000E+03
  -9.290  0.1692E-82  0.1000E+03
  -9.260  0.1692E-82  0.1000E+03
  -9.230  0.1692E-82  0.1000E+03
  -9.200  0.1692E-82  0.1000E+03
  -9.170  0.1692E-82  0.1000E+03
  -9.140  0.1692E-82  0.1000E+03
  -9.110  0.1692E-82  0.1000E+03
  -9.080  0.1692E-82  0.1000E+03
  -9.050  0.1692E-82  0.1000E+03
  -9.020  0.1692E-82  0.1000E+03
  -8.990  0.1692E-82  0.1000E+03
  -8.960  0.1692E-82  0.1000E+03
  -8.930  0.1692E-82  0.1000E+03
  -8.900  0.1692E-82  0.1000E+03
  -8.870  0.1692E-82  0.1000E+03
  -8.840  0.1692E-82  0.1000E+03
  -8.810  0.1692E-82  0.1000E+03
  -8.780  0.1692E-82  0.1000E+03
  -8.750  0.1692E-82  0.1000E+03
  -8.720  0.1692E-82  0.1000E+03
  -8.690  0.1692E-82  0.1000E+03
  -8.660  0.1692E-82  0.1000E+03
  -8.630  0.1692E-82  0.1000E+03
  -8.600  0.1692E-82  0.1000E+03
  -8.570  0.1692E-82  0.1000E+03
  -8.540  0.1692E-82  0.1000E+03
  -8.510  0.1692E-82  0.1000E+03
  -8.480  0.1692E-82  0.1000E+03
  -8.450  0.1692E-82  0.1000E+03
  -8.420  0.1692E-82  0.1000E+03
  -8.390  0.1692E-82  0.1000E+03
  -8.360  0.1692E-82  0.1000E+03
  -8.330  0.1692E-82  0.1000E+03
  -8.300  0.1692E-82  0.1000E+03
  -8.270  0.1692E-82  0.1000E+03
  -8.240  0.1692E-82  0.1000E+03
  -8.210  0.1692E-82  0.1000E+03
  -8.180  0.1692E-82  0.1000E+03
  -8.150  0.1692E-82  0.1000E+03
  -8.120  0.1692E-82  0.1000E+03
  -8.090  0.1692E-82  0.1000E+03
  -8.060  0.1692E-82  0.1000E+03
  -8.030  0.1692E-82  0.1000E+03
  -8.000  0.1692E-82  0.1000E+03
  -7.970  0.1692E-82  0.1000E+03
  -7.940  0.1692E-82  0.1000E+03
  -7.910  0.1692E-82  0.1000E+03
  -7.880  0.1692E-82  0.1000E+03
  -7.850  0.1692E-82  0.1000E+03
  -7.820  0.1692E-82  0.1000E+03
  -7.790  0.1692E-82  0.1000E+03
  -7.760  0.1692E-82  0.1000E+03
  -7.730  0.1692E-82  0.1000E+03
  -7.700  0.1692E-82  0.1000E+03
  -7.670  0.1692E-82  0.1000E+03
  -7.640  0.1692E-82  0.1000E+03
  -7.610  0.1692E-82  0.1000E+03
  -7.580  0.1692E-82  0.1000E+03
  -7.550  0.1692E-82  0.1000E+03
  -7.520  0.1692E-82  0.1000E+03
  -7.490  0.1692E-82  0.1000E+03
  -7.460  0.1692E-82  0.1000E+03
  -7.430  0.1692E-82  0.1000E+03
  -7.400  0.1692E-82  0.1000E+03
  -7.370  0.1692E-82  0.1000E+03
  -7.340  0.1692E-82  0.1000E+03
  -7.310  0.1692E-82  0.1000E+03
  -7.280  0.1692E-82  0.1000E+03
  -7.250  0.1692E-82  0.1000E+03
  -7.220  0.1692E-82  0.1000E+03
  -7.190  0.1692E-82  0.1000E+03
  -7.160  0.1692E-82  0.1000E+03
  -7.130  0.1692E-82  0.1000E+03
  -7.100  0.1692E-82  0.1000E+03
  -7.070  0.1692E-82  0.1000E+03
  -7.040  0.1692E-82  0.1000E+03
  -7.010  0.1692E-82  0.1000E+03
  -6.980  0.1692E-82  0.1000E+03
  -6.950  0.1692E-82  0.1000E+03
  -6.920  0.1692E-82  0.1000E+03
  -6.890  0.1692E-82  0.1000E+03
  -6.860  0.1692E-82  0.1000E+03
  -6.830  0.1692E-82  0.1000E+03
  -6.800  0.1692E-82  0.1000E+03
  -6.770  0.1692E-82  0.1000E+03
  -6.740  0.1692E-82  0.1000E+03
  -6.710  0.1692E-82  0.1000E+03
  -6.680  0.1692E-82  0.1000E+03
  -6.650  0.1692E-82  0.1000E+03
  -6.620  0.1379E-79  0.1000E+03
  -6.590  0.3842E-68  0.1000E+03
  -6.560  0.1453E-57  0.1000E+03
  -6.530  0.7452E-48  0.1000E+03
  -6.500  0.5182E-39  0.1000E+03
  -6.470  0.4885E-31  0.1000E+03
  -6.440  0.6245E-24  0.1000E+03
  -6.410  0.1082E-17  0.1000E+03
  -6.380  0.2544E-12  0.1000E+03
  -6.350  0.8106E-08  0.1000E+03
  -6.320  0.3502E-04  0.1000E+03
  -6.290  0.2052E-01  0.1000E+03
  -6.260  0.1629E+01  0.1000E+03
  -6.230  0.1754E+02  0.1006E+03
  -6.200  0.2560E+02  0.1013E+03
  -6.170  0.5066E+01  0.1015E+03
  -6.140  0.1359E+00  0.1015E+03
  -6.110  0.5222E-03  0.1015E+03
  -6.080  0.2518E-01  0.1015E+03
  -6.050  0.3051E+01  0.1016E+03
  -6.020  0.5034E+02  0.1031E+03
  -5.990  0.1158E+03  0.1066E+03
  -5.960  0.4315E+02  0.1079E+03
  -5.930  0.8057E+01  0.1081E+03
  -5.900  0.3761E+02  0.1092E+03
  -5.870  0.4959E+02  0.1107E+03
  -5.840  0.1336E+02  0.1111E+03
  -5.810  0.3999E+02  0.1123E+03
  -5.780  0.4773E+02  0.1138E+03
  -5.750  0.7964E+01  0.1140E+03
  -5.720  0.8699E+01  0.1143E+03
  -5.690  0.4901E+02  0.1157E+03
  -5.660  0.3817E+02  0.1169E+03
  -5.630  0.4047E+01  0.1170E+03
  -5.600  0.2621E+01  0.1171E+03
  -5.570  0.4712E+02  0.1185E+03
  -5.540  0.1382E+03  0.1226E+03
  -5.510  0.1671E+03  0.1276E+03
  -5.480  0.1967E+03  0.1335E+03
  -5.450  0.1076E+03  0.1368E+03
  -5.420  0.4172E+02  0.1380E+03
  -5.390  0.4217E+02  0.1393E+03
  -5.360  0.5842E+02  0.1410E+03
  -5.330  0.4013E+02  0.1422E+03
  -5.300  0.7952E+02  0.1446E+03
  -5.270  0.1984E+03  0.1506E+03
  -5.240  0.1518E+03  0.1551E+03
  -5.210  0.7425E+02  0.1574E+03
  -5.180  0.7698E+02  0.1597E+03
  -5.150  0.1603E+03  0.1645E+03
  -5.120  0.1346E+03  0.1685E+03
  -5.090  0.3340E+02  0.1695E+03
  -5.060  0.2959E+02  0.1704E+03
  -5.030  0.5476E+02  0.1721E+03
  -5.000  0.1429E+02  0.1725E+03
  -4.970  0.5055E+00  0.1725E+03
  -4.940  0.2424E-02  0.1725E+03
  -4.910  0.1575E-05  0.1725E+03
  -4.880  0.1389E-09  0.1725E+03
  -4.850  0.7967E-08  0.1725E+03
  -4.820  0.4617E-04  0.1725E+03
  -4.790  0.3630E-01  0.1725E+03
  -4.760  0.3870E+01  0.1726E+03
  -4.730  0.5598E+02  0.1743E+03
  -4.700  0.1098E+03  0.1776E+03
  -4.670  0.2923E+02  0.1785E+03
  -4.640  0.1055E+01  0.1785E+03
  -4.610  0.5168E-02  0.1785E+03
  -4.580  0.3475E-05  0.1785E+03
  -4.550  0.1453E-03  0.1785E+03
  -4.520  0.6914E-01  0.1785E+03
  -4.490  0.4485E+01  0.1786E+03
  -4.460  0.3965E+02  0.1798E+03
  -4.430  0.4779E+02  0.1813E+03
  -4.400  0.1019E+02  0.1816E+03
  -4.370  0.4551E+02  0.1829E+03
  -4.340  0.1494E+03  0.1874E+03
  -4.310  0.1999E+03  0.1934E+03
  -4.280  0.2613E+03  0.2012E+03
  -4.250  0.1170E+03  0.2048E+03
  -4.220  0.1316E+03  0.2087E+03
  -4.190  0.2087E+03  0.2150E+03
  -4.160  0.1222E+03  0.2186E+03
  -4.130  0.5417E+02  0.2203E+03
  -4.100  0.1130E+03  0.2236E+03
  -4.070  0.4294E+02  0.2249E+03
  -4.040  0.2214E+01  0.2250E+03
  -4.010  0.1547E-01  0.2250E+03
  -3.980  0.1579E-04  0.2250E+03
  -3.950  0.2445E-02  0.2250E+03
  -3.920  0.7097E+00  0.2250E+03
  -3.890  0.2802E+02  0.2259E+03
  -3.860  0.1504E+03  0.2304E+03
  -3.830  0.1098E+03  0.2337E+03
  -3.800  0.1132E+02  0.2340E+03
  -3.770  0.1318E+02  0.2344E+03
  -3.740  0.5392E+02  0.2360E+03
  -3.710  0.3111E+02  0.2370E+03
  -3.680  0.2496E+02  0.2377E+03
  -3.650  0.1174E+03  0.2412E+03
  -3.620  0.1314E+03  0.2452E+03
  -3.590  0.3009E+02  0.2461E+03
  -3.560  0.4306E+02  0.2474E+03
  -3.530  0.1076E+03  0.2506E+03
  -3.500  0.1137E+03  0.2540E+03
  -3.470  0.1082E+03  0.2573E+03
  -3.440  0.2441E+02  0.2580E+03
  -3.410  0.1085E+02  0.2583E+03
  -3.380  0.8682E+02  0.2609E+03
  -3.350  0.1544E+03  0.2655E+03
  -3.320  0.1218E+03  0.2692E+03
  -3.290  0.2610E+02  0.2700E+03
  -3.260  0.7525E+01  0.2702E+03
  -3.230  0.5414E+02  0.2718E+03
  -3.200  0.8487E+02  0.2744E+03
  -3.170  0.6911E+02  0.2765E+03
  -3.140  0.4563E+02  0.2778E+03
  -3.110  0.9965E+02  0.2808E+03
  -3.080  0.2397E+03  0.2880E+03
  -3.050  0.1375E+03  0.2921E+03
  -3.020  0.1245E+02  0.2925E+03
  -2.990  0.5124E+00  0.2925E+03
  -2.960  0.1165E+02  0.2929E+03
  -2.930  0.5275E+02  0.2944E+03
  -2.900  0.3249E+02  0.2954E+03
  -2.870  0.2761E+01  0.2955E+03
  -2.840  0.3291E+01  0.2956E+03
  -2.810  0.4213E+02  0.2969E+03
  -2.780  0.9916E+02  0.2998E+03
  -2.750  0.5035E+02  0.3014E+03
  -2.720  0.4964E+01  0.3015E+03
  -2.690  0.7830E-01  0.3015E+03
  -2.660  0.6784E-01  0.3015E+03
  -2.630  0.5274E+01  0.3017E+03
  -2.600  0.6331E+02  0.3036E+03
  -2.570  0.1236E+03  0.3073E+03
  -2.540  0.4646E+02  0.3087E+03
  -2.510  0.5018E+02  0.3102E+03
  -2.480  0.6252E+02  0.3120E+03
  -2.450  0.7129E+02  0.3142E+03
  -2.420  0.1072E+03  0.3174E+03
  -2.390  0.2164E+03  0.3239E+03
  -2.360  0.1400E+03  0.3281E+03
  -2.330  0.1769E+02  0.3286E+03
  -2.300  0.3854E+02  0.3298E+03
  -2.270  0.5678E+02  0.3315E+03
  -2.240  0.9367E+02  0.3343E+03
  -2.210  0.1484E+03  0.3387E+03
  -2.180  0.5440E+02  0.3404E+03
  -2.150  0.1301E+02  0.3408E+03
  -2.120  0.9486E+02  0.3436E+03
  -2.090  0.1739E+03  0.3488E+03
  -2.060  0.1927E+03  0.3546E+03
  -2.030  0.2949E+03  0.3635E+03
  -2.000  0.1935E+03  0.3693E+03
  -1.970  0.3966E+02  0.3705E+03
  -1.940  0.1505E+01  0.3705E+03
  -1.910  0.8378E-02  0.3705E+03
  -1.880  0.1156E-01  0.3705E+03
  -1.850  0.1405E+01  0.3705E+03
  -1.820  0.2400E+02  0.3713E+03
  -1.790  0.6714E+02  0.3733E+03
  -1.760  0.7102E+02  0.3754E+03
  -1.730  0.3372E+02  0.3764E+03
  -1.700  0.7865E+01  0.3767E+03
  -1.670  0.4167E+02  0.3779E+03
  -1.640  0.4690E+02  0.3793E+03
  -1.610  0.3786E+02  0.3804E+03
  -1.580  0.1666E+03  0.3854E+03
  -1.550  0.1230E+03  0.3891E+03
  -1.520  0.2427E+02  0.3899E+03
  -1.490  0.6005E+02  0.3917E+03
  -1.460  0.8372E+02  0.3942E+03
  -1.430  0.8580E+02  0.3967E+03
  -1.400  0.5194E+02  0.3983E+03
  -1.370  0.2506E+02  0.3991E+03
  -1.340  0.5631E+02  0.4007E+03
  -1.310  0.2656E+02  0.4015E+03
  -1.280  0.5031E+02  0.4031E+03
  -1.250  0.1242E+03  0.4068E+03
  -1.220  0.9703E+02  0.4097E+03
  -1.190  0.6579E+02  0.4117E+03
  -1.160  0.4139E+02  0.4129E+03
  -1.130  0.1844E+03  0.4184E+03
  -1.100  0.1756E+03  0.4237E+03
  -1.070  0.5248E+02  0.4253E+03
  -1.040  0.4517E+02  0.4266E+03
  -1.010  0.5168E+02  0.4282E+03
  -0.980  0.1014E+02  0.4285E+03
  -0.950  0.1261E+01  0.4285E+03
  -0.920  0.3527E+02  0.4296E+03
  -0.890  0.2057E+03  0.4358E+03
  -0.860  0.2241E+03  0.4425E+03
  -0.830  0.4859E+02  0.4439E+03
  -0.800  0.1956E+01  0.4440E+03
  -0.770  0.1436E-01  0.4440E+03
  -0.740  0.2475E+00  0.4440E+03
  -0.710  0.9597E+01  0.4443E+03
  -0.680  0.5052E+02  0.4458E+03
  -0.650  0.3614E+02  0.4469E+03
  -0.620  0.7244E+01  0.4471E+03
  -0.590  0.3716E+02  0.4482E+03
  -0.560  0.4981E+02  0.4497E+03
  -0.530  0.9051E+01  0.4500E+03
  -0.500  0.2227E+00  0.4500E+03
  -0.470  0.7420E-03  0.4500E+03
  -0.440  0.3348E-06  0.4500E+03
  -0.410  0.2045E-10  0.4500E+03
  -0.380  0.1691E-15  0.4500E+03
  -0.350  0.1894E-21  0.4500E+03
  -0.320  0.2872E-28  0.4500E+03
  -0.290  0.5897E-36  0.4500E+03
  -0.260  0.1639E-44  0.4500E+03
  -0.230  0.6169E-54  0.4500E+03
  -0.200  0.3144E-64  0.4500E+03
  -0.170  0.2169E-75  0.4500E+03
  -0.140  0.1692E-82  0.4500E+03
  -0.110  0.1692E-82  0.4500E+03
  -0.080  0.1692E-82  0.4500E+03
  -0.050  0.1692E-82  0.4500E+03
  -0.020  0.1692E-82  0.4500E+03
   0.010  0.1692E-82  0.4500E+03
   0.040  0.1692E-82  0.4500E+03
   0.070  0.1692E-82  0.4500E+03
   0.100  0.1692E-82  0.4500E+03
   0.130  0.1692E-82  0.4500E+03
   0.160  0.1692E-82  0.4500E+03
   0.190  0.1692E-82  0.4500E+03
   0.220  0.1692E-82  0.4500E+03
   0.250  0.1692E-82  0.4500E+03
   0.280  0.1692E-82  0.4500E+03
   0.310  0.1692E-82  0.4500E+03
   0.340  0.1692E-82  0.4500E+03
   0.370  0.1692E-82  0.4500E+03
   0.400  0.1692E-82  0.4500E+03
   0.430  0.1692E-82  0.4500E+03
   0.460  0.1692E-82  0.4500E+03
   0.490  0.1692E-82  0.4500E+03
   0.520  0.1692E-82  0.4500E+03
   0.550  0.1692E-82  0.4500E+03
   0.580  0.1692E-82  0.4500E+03
   0.610  0.1692E-82  0.4500E+03
   0.640  0.1692E-82  0.4500E+03
   0.670  0.1692E-82  0.4500E+03
   0.700  0.1692E-82  0.4500E+03
   0.730  0.1692E-82  0.4500E+03
   0.760  0.1692E-82  0.4500E+03
   0.790  0.1692E-82  0.4500E+03
   0.820  0.1692E-82  0.4500E+03
   0.850  0.1692E-82  0.4500E+03
   0.880  0.1692E-82  0.4500E+03
   0.910  0.1692E-82  0.4500E+03
   0.940  0.1692E-82  0.4500E+03
   0.970  0.1692E-82  0.4500E+03
   1.000  0.1692E-82  0.4500E+03
   1.030  0.1692E-82  0.4500E+03
   1.060  0.1692E-82  0.4500E+03
   1.090  0.1692E-82  0.4500E+03
   1.120  0.1692E-82  0.4500E+03
   1.150  0.1692E-82  0.4500E+03
   1.180  0.1692E-82  0.4500E+03
   1.210  0.1692E-82  0.4500E+03
   1.240  0.1692E-82  0.4500E+03
   1.270  0.1692E-82  0.4500E+03
   1.300  0.1692E-82  0.4500E+03
   1.330  0.1692E-82  0.4500E+03
   1.360  0.1692E-82  0.4500E+03
   1.390  0.1692E-82  0.4500E+03
   1.420  0.1692E-82  0.4500E+03
   1.450  0.1692E-82  0.4500E+03
   1.480  0.1692E-82  0.4500E+03
   1.510  0.1692E-82  0.4500E+03
   1.540  0.1692E-82  0.4500E+03
   1.570  0.1692E-82  0.4500E+03
   1.600  0.1692E-82  0.4500E+03
   1.630  0.1692E-82  0.4500E+03
   1.660  0.1692E-82  0.4500E+03
   1.690  0.1692E-82  0.4500E+03
   1.720  0.1692E-82  0.4500E+03
   1.750  0.1692E-82  0.4500E+03
   1.780  0.1692E-82  0.4500E+03
   1.810  0.1692E-82  0.4500E+03
   1.840  0.1692E-82  0.4500E+03
   1.870  0.1692E-82  0.4500E+03
   1.900  0.1692E-82  0.4500E+03
   1.930  0.1692E-82  0.4500E+03
   1.960  0.1692E-82  0.4500E+03
   1.990  0.1692E-82  0.4500E+03
   2.020  0.1692E-82  0.4500E+03
   2.050  0.1692E-82  0.4500E+03
   2.080  0.1692E-82  0.4500E+03
   2.110  0.1692E-82  0.4500E+03
   2.140  0.1692E-82  0.4500E+03
   2.170  0.1692E-82  0.4500E+03
   2.200  0.1692E-82  0.4500E+03
   2.230  0.1692E-82  0.4500E+03
   2.260  0.1692E-82  0.4500E+03
   2.290  0.1692E-82  0.4500E+03
   2.320  0.1692E-82  0.4500E+03
   2.350  0.1692E-82  0.4500E+03
   2.380  0.1692E-82  0.4500E+03
   2.410  0.1692E-82  0.4500E+03
   2.440  0.1692E-82  0.4500E+03
   2.470  0.1692E-82  0.4500E+03
   2.500  0.1692E-82  0.4500E+03
   2.530  0.1692E-82  0.4500E+03
   2.560  0.1692E-82  0.4500E+03
   2.590  0.1692E-82  0.4500E+03
   2.620  0.1692E-82  0.4500E+03
   2.650  0.1692E-82  0.4500E+03
   2.680  0.1692E-82  0.4500E+03
   2.710  0.1692E-82  0.4500E+03
   2.740  0.1692E-82  0.4500E+03
   2.770  0.1692E-82  0.4500E+03
   2.800  0.1692E-82  0.4500E+03
   2.830  0.1692E-82  0.4500E+03
   2.860  0.1692E-82  0.4500E+03
   2.890  0.1692E-82  0.4500E+03
   2.920  0.1692E-82  0.4500E+03
   2.950  0.1692E-82  0.4500E+03
   2.980  0.1692E-82  0.4500E+03
   3.010  0.1692E-82  0.4500E+03
   3.040  0.1692E-82  0.4500E+03
   3.070  0.1692E-82  0.4500E+03
   3.100  0.1692E-82  0.4500E+03
   3.130  0.1692E-82  0.4500E+03
   3.160  0.1692E-82  0.4500E+03
   3.190  0.1692E-82  0.4500E+03
   3.220  0.1692E-82  0.4500E+03
   3.250  0.1692E-82  0.4500E+03
   3.280  0.1692E-82  0.4500E+03
   3.310  0.1692E-82  0.4500E+03
   3.340  0.1692E-82  0.4500E+03
   3.370  0.1692E-82  0.4500E+03
   3.400  0.1692E-82  0.4500E+03
   3.430  0.1692E-82  0.4500E+03
   3.460  0.1692E-82  0.4500E+03
   3.490  0.1692E-82  0.4500E+03
   3.520  0.1692E-82  0.4500E+03
   3.550  0.1692E-82  0.4500E+03
   3.580  0.1692E-82  0.4500E+03
   3.610  0.1692E-82  0.4500E+03
   3.640  0.1692E-82  0.4500E+03
   3.670  0.1692E-82  0.4500E+03
   3.700  0.1692E-82  0.4500E+03
   3.730  0.1692E-82  0.4500E+03
   3.760  0.1692E-82  0.4500E+03
   3.790  0.1692E-82  0.4500E+03
   3.820  0.1692E-82  0.4500E+03
   3.850  0.1692E-82  0.4500E+03
   3.880  0.1692E-82  0.4500E+03
   3.910  0.1692E-82  0.4500E+03
   3.940  0.1692E-82  0.4500E+03
   3.970  0.1692E-82  0.4500E+03
   4.000  0.1692E-82  0.4500E+03
   4.030  0.1692E-82  0.4500E+03
   4.060  0.1692E-82  0.4500E+03
   4.090  0.1692E-82  0.4500E+03
   4.120  0.1692E-82  0.4500E+03
   4.150  0.1692E-82  0.4500E+03
   4.180  0.1692E-82  0.4500E+03
   4.210  0.1692E-82  0.4500E+03
   4.240  0.1692E-82  0.4500E+03
   4.270  0.1692E-82  0.4500E+03
   4.300  0.1692E-82  0.4500E+03
   4.330  0.1692E-82  0.4500E+03
   4.360  0.1692E-82  0.4500E+03
   4.390  0.1692E-82  0.4500E+03
   4.420  0.1692E-82  0.4500E+03
   4.450  0.1692E-82  0.4500E+03
   4.480  0.1692E-82  0.4500E+03
   4.510  0.1692E-82  0.4500E+03
   4.540  0.1692E-82  0.4500E+03
   4.570  0.1692E-82  0.4500E+03
   4.600  0.1692E-82  0.4500E+03
   4.630  0.1692E-82  0.4500E+03
   4.660  0.1692E-82  0.4500E+03
   4.690  0.1692E-82  0.4500E+03
   4.720  0.1692E-82  0.4500E+03
   4.750  0.1692E-82  0.4500E+03
   4.780  0.1692E-82  0.4500E+03
   4.810  0.1692E-82  0.4500E+03
   4.840  0.1692E-82  0.4500E+03
   4.870  0.1692E-82  0.4500E+03
   4.900  0.1692E-82  0.4500E+03
   4.930  0.1692E-82  0.4500E+03
   4.960  0.1692E-82  0.4500E+03
   4.990  0.1692E-82  0.4500E+03
   5.020  0.1692E-82  0.4500E+03
   5.050  0.1692E-82  0.4500E+03
   5.080  0.1692E-82  0.4500E+03
   5.110  0.1692E-82  0.4500E+03
   5.140  0.1692E-82  0.4500E+03
   5.170  0.1692E-82  0.4500E+03
   5.200  0.1692E-82  0.4500E+03
   5.230  0.1692E-82  0.4500E+03
   5.260  0.1692E-82  0.4500E+03
   5.290  0.1692E-82  0.4500E+03
   5.320  0.1692E-82  0.4500E+03
   5.350  0.1692E-82  0.4500E+03
   5.380  0.1692E-82  0.4500E+03
   5.410  0.1692E-82  0.4500E+03
   5.440  0.1692E-82  0.4500E+03
   5.470  0.1692E-82  0.4500E+03
   5.500  0.1692E-82  0.4500E+03
   5.530  0.1692E-82  0.4500E+03
   5.560  0.1692E-82  0.4500E+03
   5.590  0.1692E-82  0.4500E+03
   5.620  0.1692E-82  0.4500E+03
   5.650  0.1692E-82  0.4500E+03
   5.680  0.1692E-82  0.4500E+03
   5.710  0.1692E-82  0.4500E+03
   5.740  0.1692E-82  0.4500E+03
   5.770  0.1692E-82  0.4500E+03
   5.800  0.1692E-82  0.4500E+03
   5.830  0.1692E-82  0.4500E+03
   5.860  0.1692E-82  0.4500E+03
   5.890  0.1692E-82  0.4500E+03
   5.920  0.1692E-82  0.4500E+03
   5.950  0.1692E-82  0.4500E+03
   5.980  0.1692E-82  0.4500E+03
   6.010  0.1692E-82  0.4500E+03
   6.040  0.1692E-82  0.4500E+03
   6.070  0.1692E-82  0.4500E+03
   6.100  0.1692E-82  0.4500E+03
   6.130  0.1692E-82  0.4500E+03
   6.160  0.1692E-82  0.4500E+03
   6.190  0.1692E-82  0.4500E+03
   6.220  0.1692E-82  0.4500E+03
   6.250  0.1692E-82  0.4500E+03
   6.280  0.1692E-82  0.4500E+03
   6.310  0.1692E-82  0.4500E+03
   6.340  0.1692E-82  0.4500E+03
   6.370  0.1692E-82  0.4500E+03
   6.400  0.1692E-82  0.4500E+03
   6.430  0.1692E-82  0.4500E+03
   6.460  0.1692E-82  0.4500E+03
   6.490  0.1692E-82  0.4500E+03
   6.520  0.1692E-82  0.4500E+03
   6.550  0.1692E-82  0.4500E+03
   6.580  0.1692E-82  0.4500E+03
   6.610  0.1692E-82  0.4500E+03
   6.640  0.1692E-82  0.4500E+03
   6.670  0.1692E-82  0.4500E+03
   6.700  0.1692E-82  0.4500E+03
   6.730  0.1692E-82  0.4500E+03
   6.760  0.1692E-82  0.4500E+03
   6.790  0.1692E-82  0.4500E+03
   6.820  0.1692E-82  0.4500E+03
   6.850  0.1692E-82  0.4500E+03
   6.880  0.1692E-82  0.4500E+03
   6.910  0.1692E-82  0.4500E+03
   6.940  0.1692E-82  0.4500E+03
   6.970  0.1692E-82  0.4500E+03
   7.000  0.1692E-82  0.4500E+03
   7.030  0.1692E-82  0.4500E+03
   7.060  0.1692E-82  0.4500E+03
   7.090  0.1692E-82  0.4500E+03
   7.120  0.1692E-82  0.4500E+03
   7.150  0.1692E-82  0.4500E+03
   7.180  0.1692E-82  0.4500E+03
   7.210  0.1692E-82  0.4500E+03
   7.240  0.1692E-82  0.4500E+03
   7.270  0.1692E-82  0.4500E+03
   7.300  0.1692E-82  0.4500E+03
   7.330  0.1692E-82  0.4500E+03
   7.360  0.1692E-82  0.4500E+03
   7.390  0.1692E-82  0.4500E+03
   7.420  0.1692E-82  0.4500E+03
   7.450  0.1692E-82  0.4500E+03
   7.480  0.1692E-82  0.4500E+03
   7.510  0.1692E-82  0.4500E+03
   7.540  0.1692E-82  0.4500E+03
   7.570  0.1692E-82  0.4500E+03
   7.600  0.1692E-82  0.4500E+03
   7.630  0.1692E-82  0.4500E+03
   7.660  0.1692E-82  0.4500E+03
   7.690  0.1692E-82  0.4500E+03
   7.720  0.1692E-82  0.4500E+03
   7.750  0.1692E-82  0.4500E+03
   7.780  0.1692E-82  0.4500E+03
   7.810  0.1692E-82  0.4500E+03
   7.840  0.1692E-82  0.4500E+03
   7.870  0.1692E-82  0.4500E+03
   7.900  0.1692E-82  0.4500E+03
   7.930  0.1692E-82  0.4500E+03
   7.960  0.1692E-82  0.4500E+03
   7.990  0.1692E-82  0.4500E+03
   8.020  0.1692E-82  0.4500E+03
   8.050  0.1692E-82  0.4500E+03
   8.080  0.1692E-82  0.4500E+03
   8.110  0.1692E-82  0.4500E+03
   8.140  0.1692E-82  0.4500E+03
   8.170  0.1692E-82  0.4500E+03
   8.200  0.1692E-82  0.4500E+03
   8.230  0.1692E-82  0.4500E+03
   8.260  0.1692E-82  0.4500E+03
   8.290  0.1692E-82  0.4500E+03
   8.320  0.1692E-82  0.4500E+03
   8.350  0.1692E-82  0.4500E+03
   8.380  0.1692E-82  0.4500E+03
   8.410  0.1692E-82  0.4500E+03
   8.440  0.1692E-82  0.4500E+03
   8.470  0.1692E-82  0.4500E+03
   8.500  0.1692E-82  0.4500E+03
   8.530  0.1692E-82  0.4500E+03
   8.560  0.1692E-82  0.4500E+03
   8.590  0.1692E-82  0.4500E+03
   8.620  0.1692E-82  0.4500E+03
   8.650  0.1692E-82  0.4500E+03
   8.680  0.1692E-82  0.4500E+03
   8.710  0.1692E-82  0.4500E+03
   8.740  0.1692E-82  0.4500E+03
   8.770  0.1692E-82  0.4500E+03
   8.800  0.1692E-82  0.4500E+03
   8.830  0.1692E-82  0.4500E+03
   8.860  0.1692E-82  0.4500E+03
   8.890  0.1692E-82  0.4500E+03
   8.920  0.1692E-82  0.4500E+03
   8.950  0.1692E-82  0.4500E+03
   8.980  0.1692E-82  0.4500E+03
   9.010  0.1692E-82  0.4500E+03
   9.040  0.1692E-82  0.4500E+03
   9.070  0.1692E-82  0.4500E+03
   9.100  0.1692E-82  0.4500E+03
   9.130  0.1692E-82  0.4500E+03
   9.160  0.1692E-82  0.4500E+03
   9.190  0.1692E-82  0.4500E+03
   9.220  0.1692E-82  0.4500E+03
   9.250  0.1692E-82  0.4500E+03
   9.280  0.1692E-82  0.4500E+03
   9.310  0.1692E-82  0.4500E+03
   9.340  0.1692E-82  0.4500E+03
   9.370  0.1692E-82  0.4500E+03
   9.400  0.1692E-82  0.4500E+03
   9.430  0.1692E-82  0.4500E+03
   9.460  0.1692E-82  0.4500E+03
   9.490  0.1692E-82  0.4500E+03
   9.520  0.1692E-82  0.4500E+03
   9.550  0.1692E-82  0.4500E+03
   9.580  0.1692E-82  0.4500E+03
   9.610  0.1692E-82  0.4500E+03
   9.640  0.1692E-82  0.4500E+03
   9.670  0.1692E-82  0.4500E+03
   9.700  0.1692E-82  0.4500E+03
   9.730  0.1692E-82  0.4500E+03
   9.760  0.1692E-82  0.4500E+03
   9.790  0.1692E-82  0.4500E+03
   9.820  0.1692E-82  0.4500E+03
   9.850  0.1692E-82  0.4500E+03
   9.880  0.1692E-82  0.4500E+03
   9.910  0.1692E-82  0.4500E+03
   9.940  0.1692E-82  0.4500E+03
   9.970  0.1692E-82  0.4500E+03
  10.000  0.1692E-82  0.4500E+03
  10.030  0.1692E-82  0.4500E+03
  10.060  0.1692E-82  0.4500E+03
  10.090  0.1692E-82  0.4500E+03
  10.120  0.1692E-82  0.4500E+03
  10.150  0.1692E-82  0.4500E+03
  10.180  0.1692E-82  0.4500E+03
  10.210  0.1692E-82  0.4500E+03
  10.240  0.1692E-82  0.4500E+03
  10.270  0.1692E-82  0.4500E+03
  10.300  0.1692E-82  0.4500E+03
  10.330  0.1692E-82  0.4500E+03
  10.360  0.1692E-82  0.4500E+03
  10.390  0.1692E-82  0.4500E+03
  10.420  0.1692E-82  0.4500E+03
  10.450  0.1692E-82  0.4500E+03
  10.480  0.1692E-82  0.4500E+03
  10.510  0.1692E-82  0.4500E+03
  10.540  0.1692E-82  0.4500E+03
  10.570  0.1692E-82  0.4500E+03
  10.600  0.1692E-82  0.4500E+03
  10.630  0.1692E-82  0.4500E+03
  10.660  0.1692E-82  0.4500E+03
  10.690  0.1692E-82  0.4500E+03
  10.720  0.1692E-82  0.4500E+03
  10.750  0.1692E-82  0.4500E+03
  10.780  0.1692E-82  0.4500E+03
  10.810  0.1692E-82  0.4500E+03
  10.840  0.1692E-82  0.4500E+03
  10.870  0.1692E-82  0.4500E+03
  10.900  0.1692E-82  0.4500E+03
  10.930  0.1692E-82  0.4500E+03
  10.960  0.1692E-82  0.4500E+03
  10.990  0.1692E-82  0.4500E+03
  11.020  0.1692E-82  0.4500E+03
  11.050  0.1692E-82  0.4500E+03
  11.080  0.1692E-82  0.4500E+03
  11.110  0.1692E-82  0.4500E+03
  11.140  0.1692E-82  0.4500E+03
  11.170  0.1692E-82  0.4500E+03
  11.200  0.1692E-82  0.4500E+03
  11.230  0.1692E-82  0.4500E+03
  11.260  0.1692E-82  0.4500E+03
  11.290  0.1692E-82  0.4500E+03
  11.320  0.1692E-82  0.4500E+03
  11.350  0.1692E-82  0.4500E+03
  11.380  0.1692E-82  0.4500E+03
  11.410  0.1692E-82  0.4500E+03
  11.440  0.1692E-82  0.4500E+03
  11.470  0.1692E-82  0.4500E+03
  11.500  0.1692E-82  0.4500E+03
  11.530  0.1692E-82  0.4500E+03
  11.560  0.1692E-82  0.4500E+03
  11.590  0.1692E-82  0.4500E+03
  11.620  0.1692E-82  0.4500E+03
  11.650  0.1692E-82  0.4500E+03
  11.680  0.1692E-82  0.4500E+03
  11.710  0.1692E-82  0.4500E+03
  11.740  0.1692E-82  0.4500E+03
  11.770  0.1692E-82  0.4500E+03
  11.800  0.1692E-82  0.4500E+03
  11.830  0.1692E-82  0.4500E+03
  11.860  0.1692E-82  0.4500E+03
  11.890  0.1692E-82  0.4500E+03
  11.920  0.1692E-82  0.4500E+03
  11.950  0.1692E-82  0.4500E+03
  11.980  0.1692E-82  0.4500E+03
  12.010  0.1692E-82  0.4500E+03
  12.040  0.1692E-82  0.4500E+03
  12.070  0.1692E-82  0.4500E+03
  12.100  0.1692E-82  0.4500E+03
  12.130  0.1692E-82  0.4500E+03
  12.160  0.1692E-82  0.4500E+03
  12.190  0.1692E-82  0.4500E+03
  12.220  0.1692E-82  0.4500E+03
  12.250  0.1692E-82  0.4500E+03
  12.280  0.1692E-82  0.4500E+03
  12.310  0.1692E-82  0.4500E+03
  12.340  0.1692E-82  0.4500E+03
  12.370  0.1692E-82  0.4500E+03
  12.400  0.1692E-82  0.4500E+03
  12.430  0.1692E-82  0.4500E+03
  12.460  0.1692E-82  0.4500E+03
  12.490  0.1692E-82  0.4500E+03
  12.520  0.1692E-82  0.4500E+03
  12.550  0.1692E-82  0.4500E+03
  12.580  0.1692E-82  0.4500E+03
  12.610  0.1692E-82  0.4500E+03
  12.640  0.1692E-82  0.4500E+03
  12.670  0.1692E-82  0.4500E+03
  12.700  0.1692E-82  0.4500E+03
  12.730  0.1692E-82  0.4500E+03
  12.760  0.1692E-82  0.4500E+03
  12.790  0.1692E-82  0.4500E+03
  12.820  0.1692E-82  0.4500E+03
  12.850  0.1692E-82  0.4500E+03
  12.880  0.1692E-82  0.4500E+03
  12.910  0.1692E-82  0.4500E+03
  12.940  0.1692E-82  0.4500E+03
  12.970  0.1692E-82  0.4500E+03
  13.000  0.1692E-82  0.4500E+03
  13.030  0.1692E-82  0.4500E+03
  13.060  0.1692E-82  0.4500E+03
  13.090  0.1692E-82  0.4500E+03
  13.120  0.1692E-82  0.4500E+03
  13.150  0.1692E-82  0.4500E+03
  13.180  0.1692E-82  0.4500E+03
  13.210  0.1692E-82  0.4500E+03
  13.240  0.1692E-82  0.4500E+03
  13.270  0.1692E-82  0.4500E+03
  13.300  0.1692E-82  0.4500E+03
  13.330  0.1692E-82  0.4500E+03
  13.360  0.1692E-82  0.4500E+03
  13.390  0.1692E-82  0.4500E+03
  13.420  0.1692E-82  0.4500E+03
  13.450  0.1692E-82  0.4500E+03
  13.480  0.1692E-82  0.4500E+03
  13.510  0.1692E-82  0.4500E+03
  13.540  0.1692E-82  0.4500E+03
  13.570  0.1692E-82  0.4500E+03
  13.600  0.1692E-82  0.4500E+03
  13.630  0.1692E-82  0.4500E+03
  13.660  0.1692E-82  0.4500E+03
  13.690  0.1692E-82  0.4500E+03
  13.720  0.1692E-82  0.4500E+03
  13.750  0.1692E-82  0.4500E+03
  13.780  0.1692E-82  0.4500E+03
  13.810  0.1692E-82  0.4500E+03
  13.840  0.1692E-82  0.4500E+03
  13.870  0.1692E-82  0.4500E+03
  13.900  0.1692E-82  0.4500E+03
  13.930  0.1692E-82  0.4500E+03
  13.960  0.1692E-82  0.4500E+03
  13.990  0.1692E-82  0.4500E+03
  14.020  0.1692E-82  0.4500E+03
  14.050  0.1692E-82  0.4500E+03
  14.080  0.1692E-82  0.4500E+03
  14.110  0.1692E-82  0.4500E+03
  14.140  0.1692E-82  0.4500E+03
  14.170  0.1692E-82  0.4500E+03
  14.200  0.1692E-82  0.4500E+03
  14.230  0.1692E-82  0.4500E+03
  14.260  0.1692E-82  0.4500E+03
  14.290  0.1692E-82  0.4500E+03
  14.320  0.1692E-82  0.4500E+03
  14.350  0.1692E-82  0.4500E+03
  14.380  0.1692E-82  0.4500E+03
  14.410  0.1692E-82  0.4500E+03
  14.440  0.1692E-82  0.4500E+03
  14.470  0.1692E-82  0.4500E+03
  14.500  0.1692E-82  0.4500E+03
  14.530  0.1692E-82  0.4500E+03
  14.560  0.1692E-82  0.4500E+03
  14.590  0.1692E-82  0.4500E+03
  14.620  0.1692E-82  0.4500E+03
  14.650  0.1692E-82  0.4500E+03
  14.680  0.1692E-82  0.4500E+03
  14.710  0.1692E-82  0.4500E+03
  14.740  0.1692E-82  0.4500E+03
  14.770  0.1692E-82  0.4500E+03
  14.800  0.1692E-82  0.4500E+03
  14.830  0.1692E-82  0.4500E+03
  14.860  0.1692E-82  0.4500E+03
  14.890  0.1692E-82  0.4500E+03
  14.920  0.1692E-82  0.4500E+03
  14.950  0.1692E-82  0.4500E+03
  14.980  0.1692E-82  0.4500E+03
  15.010  0.1692E-82  0.4500E+03
  15.040  0.1692E-82  0.4500E+03
  15.070  0.1692E-82  0.4500E+03
  15.100  0.1692E-82  0.4500E+03
  15.130  0.1692E-82  0.4500E+03
  15.160  0.1692E-82  0.4500E+03
  15.190  0.1692E-82  0.4500E+03
  15.220  0.1692E-82  0.4500E+03
  15.250  0.1692E-82  0.4500E+03
  15.280  0.1692E-82  0.4500E+03
  15.310  0.1692E-82  0.4500E+03
  15.340  0.1692E-82  0.4500E+03
  15.370  0.1692E-82  0.4500E+03
  15.400  0.1692E-82  0.4500E+03
  15.430  0.1692E-82  0.4500E+03
  15.460  0.1692E-82  0.4500E+03
  15.490  0.1692E-82  0.4500E+03
  15.520  0.1692E-82  0.4500E+03
  15.550  0.1692E-82  0.4500E+03
  15.580  0.1692E-82  0.4500E+03
  15.610  0.1692E-82  0.4500E+03
  15.640  0.1692E-82  0.4500E+03
  15.670  0.1692E-82  0.4500E+03
  15.700  0.1692E-82  0.4500E+03
  15.730  0.1692E-82  0.4500E+03
  15.760  0.1692E-82  0.4500E+03
  15.790  0.1692E-82  0.4500E+03
  15.820  0.1692E-82  0.4500E+03
  15.850  0.1692E-82  0.4500E+03
  15.880  0.1692E-82  0.4500E+03
  15.910  0.1692E-82  0.4500E+03
  15.940  0.1692E-82  0.4500E+03
  15.970  0.1692E-82  0.4500E+03
  16.000  0.1692E-82  0.4500E+03
  16.030  0.1692E-82  0.4500E+03
  16.060  0.1692E-82  0.4500E+03
  16.090  0.1692E-82  0.4500E+03
  16.120  0.1692E-82  0.4500E+03
  16.150  0.1692E-82  0.4500E+03
  16.180  0.1692E-82  0.4500E+03
  16.210  0.1692E-82  0.4500E+03
  16.240  0.1692E-82  0.4500E+03
  16.270  0.1692E-82  0.4500E+03
  16.300  0.1692E-82  0.4500E+03
  16.330  0.1692E-82  0.4500E+03
  16.360  0.1692E-82  0.4500E+03
  16.390  0.1692E-82  0.4500E+03
  16.420  0.1692E-82  0.4500E+03
  16.450  0.1692E-82  0.4500E+03
  16.480  0.1692E-82  0.4500E+03
  16.510  0.1692E-82  0.4500E+03
  16.540  0.1692E-82  0.4500E+03
  16.570  0.1692E-82  0.4500E+03
  16.600  0.1692E-82  0.4500E+03
  16.630  0.1692E-82  0.4500E+03
  16.660  0.1692E-82  0.4500E+03
  16.690  0.1692E-82  0.4500E+03
  16.720  0.1692E-82  0.4500E+03
  16.750  0.1692E-82  0.4500E+03
  16.780  0.1692E-82  0.4500E+03
  16.810  0.1692E-82  0.4500E+03
  16.840  0.1692E-82  0.4500E+03
  16.870  0.1692E-82  0.4500E+03
  16.900  0.1692E-82  0.4500E+03
  16.930  0.1692E-82  0.4500E+03
  16.960  0.1692E-82  0.4500E+03
  16.990  0.1692E-82  0.4500E+03
  17.020  0.1692E-82  0.4500E+03
  17.050  0.1692E-82  0.4500E+03
  17.080  0.1692E-82  0.4500E+03
  17.110  0.1692E-82  0.4500E+03
  17.140  0.1692E-82  0.4500E+03
  17.170  0.1692E-82  0.4500E+03
  17.200  0.1692E-82  0.4500E+03
  17.230  0.1692E-82  0.4500E+03
  17.260  0.1692E-82  0.4500E+03
  17.290  0.1692E-82  0.4500E+03
  17.320  0.1692E-82  0.4500E+03
  17.350  0.1692E-82  0.4500E+03
  17.380  0.1692E-82  0.4500E+03
  17.410  0.1692E-82  0.4500E+03
  17.440  0.1692E-82  0.4500E+03
  17.470  0.1692E-82  0.4500E+03
  17.500  0.1692E-82  0.4500E+03
  17.530  0.1692E-82  0.4500E+03
  17.560  0.1692E-82  0.4500E+03
  17.590  0.1692E-82  0.4500E+03
  17.620  0.1692E-82  0.4500E+03
  17.650  0.1692E-82  0.4500E+03
  17.680  0.1692E-82  0.4500E+03
  17.710  0.1692E-82  0.4500E+03
  17.740  0.1692E-82  0.4500E+03
  17.770  0.1692E-82  0.4500E+03
  17.800  0.1692E-82  0.4500E+03
  17.830  0.1692E-82  0.4500E+03
  17.860  0.1692E-82  0.4500E+03
  17.890  0.1692E-82  0.4500E+03
  17.920  0.1692E-82  0.4500E+03
  17.950  0.1692E-82  0.4500E+03
  17.980  0.1692E-82  0.4500E+03
  18.010  0.1692E-82  0.4500E+03
  18.040  0.1692E-82  0.4500E+03
  18.070  0.1692E-82  0.4500E+03
  18.100  0.1692E-82  0.4500E+03
  18.130  0.1692E-82  0.4500E+03
  18.160  0.1692E-82  0.4500E+03
  18.190  0.1692E-82  0.4500E+03
  18.220  0.1692E-82  0.4500E+03
  18.250  0.1692E-82  0.4500E+03
  18.280  0.1692E-82  0.4500E+03
  18.310  0.1692E-82  0.4500E+03
  18.340  0.1692E-82  0.4500E+03
  18.370  0.1692E-82  0.4500E+03
  18.400  0.1692E-82  0.4500E+03
  18.430  0.1692E-82  0.4500E+03
  18.460  0.1692E-82  0.4500E+03
  18.490  0.1692E-82  0.4500E+03
  18.520  0.1692E-82  0.4500E+03
  18.550  0.1692E-82  0.4500E+03
  18.580  0.1692E-82  0.4500E+03
  18.610  0.1692E-82  0.4500E+03
  18.640  0.1692E-82  0.4500E+03
  18.670  0.1692E-82  0.4500E+03
  18.700  0.1692E-82  0.4500E+03
  18.730  0.1692E-82  0.4500E+03
  18.760  0.1692E-82  0.4500E+03
  18.790  0.1692E-82  0.4500E+03
  18.820  0.1692E-82  0.4500E+03
  18.850  0.1692E-82  0.4500E+03
  18.880  0.1692E-82  0.4500E+03
  18.910  0.1692E-82  0.4500E+03
  18.940  0.1692E-82  0.4500E+03
  18.970  0.1692E-82  0.4500E+03
  19.000  0.1692E-82  0.4500E+03
  19.030  0.1692E-82  0.4500E+03
  19.060  0.1692E-82  0.4500E+03
  19.090  0.1692E-82  0.4500E+03
  19.120  0.1692E-82  0.4500E+03
  19.150  0.1692E-82  0.4500E+03
  19.180  0.1692E-82  0.4500E+03
  19.210  0.1692E-82  0.4500E+03
  19.240  0.1692E-82  0.4500E+03
  19.270  0.1692E-82  0.4500E+03
  19.300  0.1692E-82  0.4500E+03
  19.330  0.1692E-82  0.4500E+03
  19.360  0.1692E-82  0.4500E+03
  19.390  0.1692E-82  0.4500E+03
  19.420  0.1692E-82  0.4500E+03
  19.450  0.1692E-82  0.4500E+03
  19.480  0.1692E-82  0.4500E+03
  19.510  0.1692E-82  0.4500E+03
  19.540  0.1692E-82  0.4500E+03
  19.570  0.1692E-82  0.4500E+03
  19.600  0.1692E-82  0.4500E+03
  19.630  0.1692E-82  0.4500E+03
  19.660  0.1692E-82  0.4500E+03
  19.690  0.1692E-82  0.4500E+03
  19.720  0.1692E-82  0.4500E+03
  19.750  0.1692E-82  0.4500E+03
  19.780  0.1692E-82  0.4500E+03
  19.810  0.1692E-82  0.4500E+03
  19.840  0.1692E-82  0.4500E+03
  19.870  0.1692E-82  0.4500E+03
  19.900  0.1692E-82  0.4500E+03
  19.930  0.1692E-82  0.4500E+03
  19.960  0.1692E-82  0.4500E+03
  19.990  0.1692E-82  0.4500E+03
