-10880.15884983378 3.1158628635748755
-10880.108849833781 3.2158628635734203
-10880.058849833782 3.315862863571965
-10880.008849833783 3.41586286357051
-10879.958849833783 3.5158628635690548
-10879.908849833784 3.6158628635675996
-10879.858849833785 3.7158628635661444
-10879.808849833786 3.815862863564689
-10879.758849833786 3.915862863563234
-10879.708849833787 4.015862863561779
-10879.658849833788 4.115862863560324
-10879.608849833789 4.215862863558868
-10879.55884983379 4.315862863557413
-10879.50884983379 4.415862863555958
-10879.45884983379 4.515862863554503
-10879.408849833791 4.615862863553048
-10879.358849833792 4.7158628635515925
-10879.308849833793 4.815862863550137
-10879.258849833794 4.915862863548682
-10879.208849833794 5.015862863547227
-10879.158849833795 5.115862863545772
-10879.108849833796 5.2158628635443165
-10879.058849833797 5.315862863542861
-10879.008849833797 5.415862863541406
