1.5338289440839752
1.5210137023529704
1.5093642774733915
1.4987285071253744
1.4889796052882183
1.4800110838111458
1.471732846839327
1.464068153479925
1.4569512316517965
1.4503253860309222
1.4441414844183917
1.4383567373440336
1.432933706513463
1.4278394936843277
1.4230450726897423
1.4185247360726088
1.4142556339499741
1.4102173877033373
1.406391764656032
1.402762402881958
1.399314577283544
1.3960349998521586
1.3929116485666917
1.389933620142724
1.38709100279058
1.3843747661300903
1.381776665220709
1.3792891571062817
1.3769053275607028
1.3746188269721777
1.3724238138526879
1.3703149049976808
1.3682871314374232
1.3663358992923484
1.364456955081291
1.3626463547695629
1.3609004360621064
1.3592157937962064
1.3575892576625073
1.356017872370753
1.3544988796927235
1.353029702295057
1.3516079291873346
1.3502313024798376
1.3488977054509768
1.3476051516333563
1.3463517750348863
1.3451358210292845
1.3439556382797626
1.3428096711574788
1.3416964529603455
1.340614599655705
1.3395628041032204
1.338539830772529
1.3375445109847668
1.336575738372371
1.3356324648045437
1.334713696618305
1.333818491126035
1.3329459533703947
1.3320952331411853
1.3312655222541387
1.3304560519024697
1.3296660904013287
1.3288949408594952
1.32814193921487
1.3274064522990692
1.326687876032988
1.3259856338406415
1.3252991750193495
1.3246279733864093
1.3239715258821114
1.3233293512891713
1.3227009891267834
1.322085998515572
1.3214839571153014
1.3208944602081054
1.3203171197526125
1.3197515635690387
1.3191974344806248
1.318654389644248
1.3181220997646186
1.3176002484830995
1.3170885316937664
1.3165866570486422
1.3160943432883094
1.3156113197762487
1.3151373260040735
1.3146721111113173
1.3142154334488758
1.3137670601570015
1.3133267667432982
1.3128943367771306
1.3124695614385153
1.3120522392998417
1.3116421758747627
1.311239183414468
1.310843080602094
1.3104536922616852
1.3100708490817077
1.309694387411323
1.3093241490275567
1.3089599808733645
1.308601734868457
1.3082492677201252
1.3079024407340647
1.3075611195815462
1.3072251742121033
1.30689447860615
1.306568910644014
1.3062483520040722
1.3059326879590252
1.305621807244929
