T     addS     VS      VS2      VS22
1.000000000000000000e+02 1.152064054071522126e+00 2.953688691420303325e+00 5.560516583754592901e+00 5.845582116730181355e+00
1.200000000000000000e+02 1.156233581590898840e+00 2.942518611670248418e+00 5.538750174002500692e+00 5.823133243087883493e+00
1.400000000000000000e+02 1.160326443805607788e+00 2.931004235277192560e+00 5.516288186673666161e+00 5.799981610849352265e+00
1.600000000000000000e+02 1.164361765473046040e+00 2.919251055782222437e+00 5.493338032972512330e+00 5.776342542008253034e+00
1.800000000000000000e+02 1.168350207509750938e+00 2.907330267618047692e+00 5.470042303618860124e+00 5.752361334858329123e+00
2.000000000000000000e+02 1.172298268124545517e+00 2.895290630255678010e+00 5.446499791475040375e+00 5.728137441307657340e+00
2.200000000000000000e+02 1.176210291313661394e+00 2.883166102983922841e+00 5.422779840348297853e+00 5.703740082922752030e+00
2.400000000000000000e+02 1.180089434088287259e+00 2.870980744563002673e+00 5.398931855441746031e+00 5.679218275415117922e+00
2.600000000000000000e+02 1.183938151978414233e+00 2.858751879991077161e+00 5.374991570069918012e+00 5.654607302946476288e+00
2.800000000000000000e+02 1.187758454442612077e+00 2.846492174215568660e+00 5.350985200735927982e+00 5.629932953639931625e+00
3.000000000000000000e+02 1.191552046549316124e+00 2.834211011628042343e+00 5.326932234889954820e+00 5.605214334547107491e+00
3.200000000000000000e+02 1.195320411908415537e+00 2.821915429542296128e+00 5.302847328979032326e+00 5.580465774916615551e+00
3.400000000000000000e+02 1.199064864381663265e+00 2.809610760298347110e+00 5.278741620101264687e+00 5.555698134480200778e+00
3.600000000000000000e+02 1.202786581996976079e+00 2.797301080442834653e+00 5.254623646878826548e+00 5.530919718127807805e+00
3.800000000000000000e+02 1.206486630654540537e+00 2.784989529607979186e+00 5.230500005111275996e+00 5.506136924948096478e+00
4.000000000000000000e+02 1.210165981403539703e+00 2.772678540303273209e+00 5.206375821398017578e+00 5.481354715765265340e+00
4.200000000000000000e+02 1.213825523686258290e+00 2.760370005634465773e+00 5.182255099543976229e+00 5.456576954283599790e+00
4.400000000000000000e+02 1.217466075741582721e+00 2.748065403346156899e+00 5.158140977218371503e+00 5.431806659334328380e+00
4.600000000000000000e+02 1.221088393054444943e+00 2.735765888577590843e+00 5.134035918190400949e+00 5.407046193467974327e+00
4.800000000000000000e+02 1.224693175459704797e+00 2.723472363869077206e+00 5.109941857640919238e+00 5.382297405279423685e+00
5.000000000000000000e+02 1.228281073030949244e+00 2.711185532685716382e+00 5.085860313408893774e+00 5.357561738212862856e+00
5.200000000000000000e+02 1.231852691153219048e+00 2.698905940597731146e+00 5.061792471699519069e+00 5.332840314273997073e+00
5.400000000000000000e+02 1.235408594887966061e+00 2.686634007271338831e+00 5.037739253750963542e+00 5.308133999062439656e+00
5.600000000000000000e+02 1.238949312816240322e+00 2.674370051458461184e+00 5.013701367980654133e+00 5.283443452576027433e+00
5.800000000000000000e+02 1.242475340390079452e+00 2.662114310703008968e+00 4.989679351157144893e+00 5.258769169277057287e+00
6.000000000000000000e+02 1.245987142844821705e+00 2.649866957011562718e+00 4.965673601178320240e+00 5.234111509956148822e+00
6.200000000000000000e+02 1.249485157820974024e+00 2.637628109317464720e+00 4.941684403179685603e+00 5.209470727081324526e+00
6.400000000000000000e+02 1.252969797694337473e+00 2.625397843481309224e+00 4.917711950509989549e+00 5.184846985140724840e+00
6.600000000000000000e+02 1.256441451629337180e+00 2.613176200380753045e+00 4.893756361719995951e+00 5.160240377101516174e+00
6.800000000000000000e+02 1.259900487457997542e+00 2.600963192425570725e+00 4.869817694267714714e+00 5.135650937669774763e+00
7.000000000000000000e+02 1.263347253319736296e+00 2.588758808903815378e+00 4.845895955776834185e+00 5.111078654173057956e+00
7.200000000000000000e+02 1.266782079196271837e+00 2.576563020292095274e+00 4.821991113134066254e+00 5.086523475339316036e+00
7.400000000000000000e+02 1.270205278208848654e+00 2.564375781873788895e+00 4.798103100129036847e+00 5.061985318665943367e+00
7.600000000000000000e+02 1.273617147899887669e+00 2.552197036610778014e+00 4.774231823540439734e+00 5.037464076274773106e+00
7.800000000000000000e+02 1.277017971313913591e+00 2.540026717587824834e+00 4.750377168317218235e+00 5.012959619895148933e+00
8.000000000000000000e+02 1.280408018020199989e+00 2.527864749995114124e+00 4.726539001794002104e+00 4.988471804909131890e+00
8.200000000000000000e+02 1.283787545014380527e+00 2.515711052798657477e+00 4.702717177247205171e+00 4.964000473760687981e+00
8.400000000000000000e+02 1.287156797600388813e+00 2.503565540068617423e+00 4.678911536737192733e+00 4.939545458670785649e+00
8.600000000000000000e+02 1.290516010099111099e+00 2.491428122176507998e+00 4.655121913663464284e+00 4.915106584082217012e+00
8.800000000000000000e+02 1.293865406620000158e+00 2.479298706673237263e+00 4.631348134660211002e+00 4.890683668459107736e+00
9.000000000000000000e+02 1.297205201621217441e+00 2.467177199161429968e+00 4.607590021462435459e+00 4.866276526069142960e+00
9.200000000000000000e+02 1.300535600625536858e+00 2.455063503827293658e+00 4.583847392075924176e+00 4.841884968080087503e+00
9.400000000000000000e+02 1.303856800618760303e+00 2.442957524132687297e+00 4.560120062254323869e+00 4.817508803972359033e+00
9.600000000000000000e+02 1.307168990665946495e+00 2.430859163154487135e+00 4.536407846259649546e+00 4.793147842242763801e+00
9.800000000000000000e+02 1.310472352355866121e+00 2.418768323980039270e+00 4.512710557725096550e+00 4.768801891217218980e+00
1.000000000000000000e+03 1.313767060157001509e+00 2.406684910091232865e+00 4.489028010486808995e+00 4.744470759838169016e+00
1.020000000000000000e+03 1.317053281936779285e+00 2.394608825499183524e+00 4.465360018909500184e+00 4.720154257950913035e+00
1.040000000000000000e+03 1.320331179235481045e+00 2.382539975049482450e+00 4.441706398546894974e+00 4.695852196929124034e+00
1.060000000000000000e+03 1.323600907652746628e+00 2.370478264549888081e+00 4.418066966441493548e+00 4.671564389943497986e+00
1.080000000000000000e+03 1.326862617118390375e+00 2.358423600957017641e+00 4.394441541537567275e+00 4.647290652346974582e+00
1.100000000000000000e+03 1.330116452281465911e+00 2.346375892395432317e+00 4.370829944754699881e+00 4.623030801723466254e+00
1.120000000000000000e+03 1.333362552694914882e+00 2.334335048337617735e+00 4.347231999379374656e+00 4.598784658257152103e+00
1.140000000000000000e+03 1.336601053111202475e+00 2.322300979634981388e+00 4.323647531155316415e+00 4.574552044802903339e+00
1.160000000000000000e+03 1.339832083735814194e+00 2.310273598557415653e+00 4.300076368388175752e+00 4.550332786972951737e+00
1.180000000000000000e+03 1.343055770414409267e+00 2.298252818869613634e+00 4.276518342121129024e+00 4.526126713296292792e+00
1.200000000000000000e+03 1.346272234902237130e+00 2.286238555799116057e+00 4.252973286091531691e+00 4.501933655160776482e+00
1.220000000000000000e+03 1.349481594998522382e+00 2.274230726115789025e+00 4.229441036908767160e+00 4.477753446977700946e+00
1.240000000000000000e+03 1.352683964764331392e+00 2.262229248107743729e+00 4.205921434022933170e+00 4.453585926138529771e+00
1.260000000000000000e+03 1.355879454676340856e+00 2.250234041602801938e+00 4.182414319782957079e+00 4.429430933062185716e+00
1.280000000000000000e+03 1.359068171859462382e+00 2.238245027894663508e+00 4.158919539303063573e+00 4.405288311051648975e+00
1.300000000000000000e+03 1.362250220117886101e+00 2.226262129856188210e+00 4.135436940701893604e+00 4.381157906524101975e+00
1.320000000000000000e+03 1.365425700196425396e+00 2.214285271809451672e+00 4.111966374854127082e+00 4.357039568754359493e+00
1.340000000000000000e+03 1.368594709858747649e+00 2.202314379567027913e+00 4.088507695483556859e+00 4.332933149960567221e+00
1.360000000000000000e+03 1.371757343994460143e+00 2.190349380434021498e+00 4.065060759176731153e+00 4.308838505310944811e+00
1.380000000000000000e+03 1.374913694820634191e+00 2.178390203106175704e+00 4.041625425187994836e+00 4.284755492722638337e+00
1.400000000000000000e+03 1.378063851907981530e+00 2.166436777734951136e+00 4.018201555577526563e+00 4.260683972994073088e+00
1.420000000000000000e+03 1.381207902343419391e+00 2.154489035848278888e+00 3.994789015060419501e+00 4.236623809648790484e+00
1.440000000000000000e+03 1.384345930831180738e+00 2.142546910326295517e+00 3.971387670964624306e+00 4.212574868888566471e+00
1.460000000000000000e+03 1.387478019751753777e+00 2.130610335412342238e+00 3.947997393259441878e+00 4.188537019617491808e+00
1.480000000000000000e+03 1.390604249286027994e+00 2.118679246653833559e+00 3.924618054442717607e+00 4.164510133325165953e+00
1.500000000000000000e+03 1.393724697491904863e+00 2.106753580884948462e+00 3.901249529511574110e+00 4.140494084053571555e+00
1.520000000000000000e+03 1.396839440395972076e+00 2.094833276189660864e+00 3.877891695893360691e+00 4.116488748324705682e+00
1.540000000000000000e+03 1.399948552060536144e+00 2.082918271885517925e+00 3.854544433417544269e+00 4.092494005109180932e+00
1.560000000000000000e+03 1.403052104658122801e+00 2.071008508495630451e+00 3.831207624263988976e+00 4.068509735771613123e+00
1.580000000000000000e+03 1.406150168556962399e+00 2.059103927706431136e+00 3.807881152882160336e+00 4.044535823987047252e+00
