   MX
31.1488688743180
40.7679110203174
42.6294104218354
44.3723231765974
45.5491234058872
45.6530207319727
46.3196459454283
52.9989972202673
54.7115286483767
61.5697011878662
62.7787950898377
64.5976625225421
65.7898282967648
69.5913175083532
72.5719482297606
78.0094543842452
86.8468698350270
87.8866682049516
90.2211090659663
91.8735057533970
92.9916388777396
93.2278835493392
94.8979190383308
95.7192738297125
97.0930850951750
98.6280495221565
99.1399760288921
100.498780619789
101.151850134862
101.218141626892
101.484112328373
102.799756418086
103.829670544655
106.116780635924
106.701110110777
107.187525499937
108.072069835938
109.067456573412
110.148677290987
111.065784508553
111.718686672263
112.635275275292
113.108756053824
114.870211467567
115.599342693112
116.815496870822
118.405668054370
118.617888257388
119.852762755886
120.796768981955
122.778579105381
123.724256635940
124.972625811607
125.937699445749
126.252695207613
126.579559891828
127.914519406643
129.246478682841
129.926036070017
131.086788127157
132.776542745451
133.659078150172
134.964316698836
137.397624203342
139.664550095189
142.701780817013
144.283965968247
145.056967591682
147.417881920241
147.908815457797
148.794766216397
149.432001226413
151.089928449926
151.849246655870
152.948811635201
154.867812021762
156.481892625166
161.648160991293
162.791124428256
163.730064505397
166.077517729784
167.124978186270
167.483766783149
168.524519573499
171.254505016829
171.457681415926
172.037081423814
173.243804148424
174.131096391606
174.615492267220
175.757505702181
175.866719792441
177.318148443093
177.722150579052
178.441055079315
180.258866996731
182.86424802438
183.30748886183
184.33122890697
185.10945491895
185.51418618197
186.02228506293
186.39877474603
187.92987928211
189.39470028491
189.67061259394
190.86222485487
192.34096845757
192.71891977595
193.80726988394
193.96681022110
194.61043074272
195.22322660877
196.21097339458
197.01128388045
197.43213814682
198.04993200614
198.63747797098
199.02658176171
199.42799230515
199.69154143762
200.22676962806
201.11372102729
202.40732738324
203.22675667512
203.81074481691
204.51912580197
205.07559598176
206.42735940700
207.02722643109
207.41118491599
207.99016288580
208.33168175638
208.72760571530
208.95753158420
209.58365434666
212.30890543164
213.13722541602
217.26211115882
218.62954358292
219.14813907429
219.95427694632
220.47203953890
231.52024688180
237.56906931346
250.78193556507
255.75826643106
257.83692678358
258.42387976013
259.17907123573
263.18316567274
264.60020518250
266.74159592042
267.39420599133
268.82305731965
269.49659750861
270.03207544518
271.35125919694
271.63707284862
271.84980762372
273.17814652343
273.42684945424
273.71478621678
274.40620368978
274.72703008646
275.05207672792
275.25628966815
275.54607841865
276.68941300998
277.04982745475
277.74213469764
278.07479126718
278.32393457258
278.92453166212
279.18796121422
279.34733247075
280.33168427660
281.01558959089
281.18277881393
281.73006621031
282.32328569664
282.86000405973
283.64698246009
284.20721960761
284.25649208524
284.48980055994
285.22496903418
285.63616187826
286.01506261525
286.24578542394
286.77745388011
287.55631841910
287.66913143703
288.32125725465
288.65380438744
289.01037771956
289.61610299046
290.23219749081
291.88426066987
293.09587492376
294.70919528654
295.11532273224
296.72483865145
297.34845656896
298.88041597559
299.73571484153
299.96119087851
301.97596036557
304.30275061849
316.17008097046
320.38735929811
323.77700782289
324.43406669732
324.86624945964
326.16695927168
340.19727195584
