   MX22
39.6086626808122
40.8461317297752
43.8153789995429
45.0109052817233
45.7967243396885
46.9133606215342
51.2751190165343
58.0257715881200
58.3516051030880
62.7922283250139
64.6258547600218
65.696487915672 
65.9398506949298
68.0143648851110
78.1182200608293
86.4654901088259
88.7279338741508
88.8727460637034
90.8938754915399
91.731151000391 
93.1107828264816
94.6867119265237
95.4975969172847
96.8652367349391
97.5502471303728
97.6221745512554
98.3962528966382
99.4615923762848
100.495070682391
100.775161383573
104.810337257616
106.051759251155
106.570207558658
106.874120069073
107.391243968958
108.539214428429
109.061432786572
109.626425552695
111.086696638834
112.740319357759
113.358186951795
113.708884199876
114.983279946638
116.569768595264
117.818840574990
119.332433121300
120.304152025351
121.898075077997
122.713489189825
123.866449404163
125.836164211957
126.541986606035
126.570098330831
127.363591992868
128.885154985295
129.043126135310
130.257746875633
131.052639288885
132.145225619334
133.263435686341
134.875257816187
138.044762542005
138.292292605196
143.797785815759
144.507773962344
145.101597025829
147.495539494948
148.353651872013
148.551597917949
151.419893095023
152.142208787022
152.183940827877
154.246125434200
159.065032661307
161.006039210675
163.348614912949
163.362488714998
165.401807696634
166.824731754819
167.713840768448
168.591535739955
170.796704988606
173.042902094504
173.381494126064
173.419749175543
173.893062180003
175.085309609020
175.855235288620
177.770342421499
178.255350097463
179.024670815121
181.743440412324
181.783506296135
182.557573873334
184.211456893495
184.827033543744
185.17583240681
186.54882965899
187.98754332069
188.26380215541
190.48803039790
190.85523745712
192.19643512904
192.36024972809
192.94619635710
194.04800830634
194.06854531098
194.74339731028
196.27635721130
196.78252986263
197.37337189169
198.21779653392
198.35227474768
199.20151907481
199.55363732234
200.02455562623
200.39735013876
201.27100238096
201.71963057131
202.40771078477
202.47584304420
203.19400494383
203.89727529720
204.34519951744
205.58435966031
205.61659677320
207.23711791076
207.71918886201
208.52451875887
208.72321251959
208.82554905358
209.59153288224
210.94912277022
213.49056878902
216.34737014310
217.20201505066
219.31396056313
219.57535272013
221.02061199979
221.91812419088
233.95713623285
241.94401676470
244.04472032064
253.04313932950
261.20816851206
262.33094358124
263.85048649610
264.77731222487
265.93332543873
267.93748293085
268.17486173401
270.56063060519
270.60316673468
270.84586201681
270.96284839580
272.13288503042
272.44007832196
272.97242737827
273.48099743350
273.84661466650
274.10387148697
274.76331939431
275.64955685081
275.89520757289
276.27269253032
277.17814041334
277.49651704574
277.55458433229
277.92635875724
278.62783249148
279.42557440297
280.26363522564
280.40952250652
281.31440795762
281.54745083059
282.24840739186
282.43934445834
282.95295410154
283.13917575693
283.84907150965
284.22961603530
284.92169548327
285.46162725860
286.12919993332
286.27336382783
286.42984135094
286.82689450046
287.32013332915
287.47117572625
288.39332838904
288.44759227883
288.70218906509
288.91321897179
289.15082835153
290.19906806707
291.50614777959
292.94316823688
295.10919602319
296.00720460951
296.65511901337
297.88566868374
298.15531514014
298.67405086459
299.29168737722
301.90142227604
306.78707206034
314.29356202663
321.55303243879
322.26426248663
325.13643448784
325.43445250709
326.32705094235
341.15700583369
