    VMo
16.84285330205331
35.63155518532872
41.07729622870243
43.477255952983974
46.8169542945744
47.121865934542136
58.3220730053048
58.34427529735248
58.42422974797343
60.07177983072813
64.699646843607
65.4214319384135
65.46770558906867
73.40060533088506
79.88554530831101
83.44284566685401
85.50984955527001
89.32600277166466
92.45186135915468
93.46651145435001
93.51333929343508
94.15523943395846
97.64829396744068
99.07161461529661
99.7744650373649
99.82150679267902
101.10387559813223
101.24235189400264
103.85529809239611
104.0459213317554
105.05737376578978
105.33305743867352
106.47081117559507
108.40432139981921
108.64969410698608
109.17277260803695
110.38580253617106
111.12379864425894
112.4288368485248
112.46731738744339
112.99097733273359
114.15320902810811
115.96285478155757
119.60967686231075
120.2171405650016
120.91474471820244
121.80906330924684
122.33061959559797
123.73129820615947
124.57787423473893
124.82780447166688
124.9741893440477
126.08605929133597
127.60616564400449
127.82362816357174
128.68948695373095
133.11075082521944
135.6584791380975
136.5518944982259
136.97359534010843
138.56885090966608
139.95715264279443
143.45813623496323
144.79874165174292
148.09533721682095
148.55499349545326
148.66847773923428
150.1267536934277
150.8872502609072
151.33576026626255
151.3870251479344
152.14764364090442
152.62368222416808
154.03432649464898
157.19962450840208
158.731611853147
158.79621253637615
164.28792735926388
164.54264035677943
165.11870147525318
167.20645914871966
170.00833318843658
170.38120019975895
170.55289058043053
170.5907039282958
174.63177311524737
174.79152837967237
175.3014588190556
175.5461831420865
175.60094267342697
177.92258818925376
177.99513048847507
178.26942904110692
178.47122363264464
182.0959588580668
182.1183848654823
183.89901782726443
183.99555244198686
185.87017656826538
187.6701766315297
188.12810644251772
188.66013910121407
189.93336935240495
190.89182625158142
191.38023743483933
191.43146361156025
193.3102261322268
193.5220538567579
193.7277645167145
194.9489180486991
195.30634647656916
195.5559365774466
197.02881561115868
197.71856919341934
198.27131579599777
198.89378377615233
199.0649955999194
199.4913722438738
199.9509754848941
200.46355325831152
202.90143641812975
203.04190030337818
203.1561797422185
203.22385415332633
204.43952746196763
204.52819097322288
205.72213972110035
206.89403066065725
207.33950112625047
207.684933165003
207.72388540964317
209.07509269891398
209.33409616560448
209.49402696735703
210.79818463601342
210.9524709342904
211.133203326842
215.3053511057822
217.3936747239236
220.12830861186984
221.4481132780133
222.03675138062795
222.12187275115306
225.47399592266106
225.93738121427236
234.30477615679854
254.80723511211434
255.08132676590702
260.85485356766856
261.5225732808135
263.6273382653273
265.1560277478
266.4056302754933
267.49299876346254
269.099529447631
270.18698845568855
270.19889443902986
270.2545146233369
270.5302892498892
272.7816030883746
272.80189915186975
273.384617204456
273.93849674726664
273.9475700132148
274.938903190162
275.64132838777175
276.5411076306331
276.9331386282018
277.0005925749619
277.15896731198336
277.3287878201554
277.7907445509988
277.8241466242954
278.1033751058561
279.6694971176537
280.07394876158907
281.05965408703315
282.8145857718091
282.8413945737525
282.9449786123556
283.5621746969339
283.60173471221896
283.963631280109
284.41121929760396
284.5201855903955
285.3863794883299
285.4997832870261
285.6360321118687
286.0284317785987
286.0987089509123
286.40116483660097
286.78764871186434
287.2091778681681
288.6006390003809
288.63946095085413
288.68424218240506
289.67561207946346
289.697674286888
290.03403593380744
290.11963801181633
290.18469050362955
291.00821063223464
294.874686037646
296.2074821341209
297.1447372934101
297.9923300882345
298.17602577297487
299.2785359355506
299.43186428980476
307.6918344790367
316.8631099502425
318.3133318173818
323.4696978607028
324.6150180238272
326.3073344438793
342.1125926620315
