  VS
46.39999045585615
46.41291830379012
46.68311009299409
46.68558376832334
47.050190294381565
47.96531293807401
62.63855486368464
63.003242485609334
63.01678813394004
65.9250272594911
66.12315562924083
66.14042146979567
91.80644002084803
93.36447392594415
93.37278111897564
94.6013163951708
95.23260035905096
95.23781202101416
97.56044047645267
97.57543022504271
98.57019380752206
99.82646315312478
100.14897314934808
100.16531080183991
102.00754080987105
102.70491135584649
102.70990686292775
103.53348780130192
103.53962470013893
105.43041642776275
109.27425072226937
109.27578737155045
111.65374182442078
111.66132414718501
112.56524322966378
112.84286439827481
113.50615009075857
114.2199292340553
114.23088728531121
114.66047654348262
114.66132779531122
116.92749674138099
119.96854192479194
122.04478414428523
122.05861004074754
123.31446833297856
123.31947394877473
126.61361134614373
126.62068190582937
126.67387850792805
128.4849635801179
128.4860216391044
129.12844647779687
130.0900344653321
133.60518112704014
133.79119036346188
133.79246297291047
135.65180605269597
135.6699866784182
136.55896015126348
145.49535713945298
145.82801952866987
145.83308813203493
146.52676511320212
148.3625454766275
148.368246970578
151.5752408267427
152.68779073787516
152.71248150900914
154.19487360024436
154.2065314966285
154.98234349352026
162.4531514701829
162.46309301612737
166.49847182638274
167.38934890942815
167.39724035397103
167.72609425361452
168.81850231137355
168.83199607732467
172.50352666602078
174.66569984923666
174.67575574056673
175.24787914568327
176.32906772267438
176.33573832451395
177.854789115257
177.86063637608515
179.51580820908745
180.11834030765957
181.84079580762165
181.84293722316147
183.1708379484727
185.4095887691066
185.41214451153988
185.50723849371232
185.51054686277112
186.00465106937054
188.82249717428996
188.8233527107232
190.35483080442293
191.3002638575586
191.8851439839003
191.88747140711538
193.5104790445291
194.68639535201063
194.68838717316447
194.91173629818348
195.62603476566173
195.6281672452153
198.33291218820787
198.74790391336734
198.749433887382
198.95094190221167
199.02084422947107
199.02338526326122
199.40708612653145
200.09399005407946
200.09803020023477
202.67866634223742
202.68176338600804
203.16920727679215
203.17095752415318
203.41663538743458
203.69736342006442
205.73556728178545
205.85693114661711
206.39252623428015
206.40155261852226
207.68147839688538
207.69092789718607
209.12920811133995
209.2702542189567
209.2720532100018
209.8375238547475
209.84135774962476
213.05175566596128
217.4021925152394
218.89899973745136
218.90333866054226
220.77424874800582
220.78181444708542
221.77421182129856
234.17291519149072
255.8491810420103
258.2471641449468
258.2557831011384
264.9409599766671
264.94392273295114
268.4150971124321
269.91040246251134
269.91489969138297
270.4849303504379
272.2077043503461
272.2125430587578
273.01928401769527
273.0262905680242
273.6533176320687
275.23960084141265
275.2496733492208
275.2564820833012
276.3946354887758
276.3984575693141
276.41860326945766
276.9646723094812
277.7955081626691
277.80446343124447
278.7520495672633
278.754564850883
279.42471510614445
280.32713561575565
280.33115950133464
280.8090331122592
280.82491100813144
280.8388658612678
281.0961890131598
283.65414517525295
283.6661018859282
284.55018462606046
284.5574097292385
284.84824105381506
285.3564122462688
285.3775518535704
285.46770012403476
286.00774025316707
286.0142222659928
286.72781057945997
286.77133900035017
287.0342200720143
287.40273069962456
287.41122058487844
288.1696475389606
288.17284016622614
288.2574403675807
289.5744828943348
289.74436820250423
289.7705732495528
289.7808507042672
290.80994154279904
290.8137741232278
294.99175284151477
295.0670029424191
295.0709307927811
297.11212201398314
297.1140546290563
297.8686777489837
300.22822113906585
301.81031598665254
302.1820135847425
302.1844603705023
303.3429494172161
303.3476745839091
324.80852654038335
325.9141864478618
325.9151930181093
326.66088916399667
326.6618163939268
327.14967701038125
343.97940174599063
