    VS22
45.60210856822664
45.902812729677194
46.00962738913499
46.42178826491711
46.65611656164145
47.66261048918977
59.97032657423515
60.695661969489166
62.646747953756126
65.11154667973649
65.90404113760421
66.20709134822738
86.13873498010668
89.95633658177856
90.88377870407881
92.34069417631106
92.42943087779429
92.7503053348983
95.86639585912451
96.89742623439926
96.97261146731665
97.68875886356375
98.64148355877599
99.3826884508946
99.78351037630736
101.38737968660077
101.53095459673625
101.86520140248437
102.36479631899002
102.77281436018322
106.67867934290074
109.43169492395629
109.48222228887663
109.75686196331918
110.36215475193997
110.98838462478669
112.28933990443565
112.77419319134368
113.09354641082916
113.56516482033642
114.36059563306497
114.51152334668227
117.89104677475396
120.89316139649704
121.50582108478969
122.20105714150615
123.2156769458017
123.23885773510946
124.70448665010547
125.72020857461841
126.89098636667929
127.7367141654779
129.07971323374522
129.82954596514446
131.28845719050236
131.3251833233428
133.52528175106454
134.80812319282006
135.4935069727436
136.56186513505645
142.66205778611385
142.85408096257456
145.51474179024015
145.93377005875774
146.90356127508318
148.80903270406725
150.77822554732253
150.86511614551216
151.8750447820869
153.0834508142119
154.23906764099192
154.88365108390434
156.66868786909188
162.05666378947765
162.99327069056105
164.82359906208134
165.78899063025025
167.0249218178534
167.45835121555206
168.66789289003398
170.70563771637427
172.66149169240612
173.28741950589375
173.3897977897067
174.63270914299423
175.33237819521617
176.03311632997747
177.12898187639792
177.6628449125551
179.09990751135098
181.10298671040658
181.5925942316006
182.2524898312444
183.33121003404975
184.43232204306517
184.68572098316326
185.49973620034675
186.63737321191664
186.80875641650704
189.2105582964802
189.52115010108187
190.50039660017313
191.45924808107182
192.14116334129955
192.3378850693259
193.5567851192445
193.72941782894586
194.84542732141927
195.30700762221662
196.7935708130189
197.58945062226078
197.85760658830154
198.05560632701625
198.20452857035363
198.5409285892061
198.81238655780695
199.82504115197892
200.19550696191774
200.35514722532636
201.14061476219848
202.31231427816422
202.70970359269467
203.36466336120222
203.79272629147923
204.07795858653844
205.03453645776875
205.48077145313272
206.10032606209498
207.73699442517244
207.91843839637977
208.2361803992867
209.06625871238003
210.50784296957113
211.16853080645967
213.47601433178167
215.93660321778748
216.30259555970133
219.1472918900334
219.45061304459614
220.84838068800008
232.2568407499531
244.02906228784462
253.61651051755436
253.65515149804483
255.77091156109162
255.83193006984536
258.8796951108557
259.0349828108115
263.5514074410243
266.07745139010495
266.32159360179537
267.42298554991373
268.1831773281237
269.0509772080103
269.7791086246604
270.2363070981528
270.8698462171117
271.31251730333776
272.58846542615123
272.75653120241634
273.2323197643615
274.3021155830806
274.4668179442721
275.26536788501494
275.6916044250783
276.32092414691675
276.4735500990448
277.29909444389244
277.699710942189
278.2248994885347
278.7825580272258
278.874248696815
279.5265787732562
279.81221206084024
280.40314955322026
280.6826959908246
281.5480772287603
282.46209957684704
282.682212916338
283.0760329138153
283.38271986067554
283.78494217546717
283.97828999231103
284.13190782910334
284.95822741719866
284.96842324746643
285.71625256723524
286.1186722138318
286.6259211329843
286.9790328847039
287.0105162916403
287.4996502363854
288.1466678543769
289.36719578439005
289.57320789063397
289.983374591862
290.7178518857106
292.9667664084476
294.0911066265551
294.2287252149576
296.2112303417189
296.86139289961744
297.1826302368634
299.1699260571416
299.9934891983811
301.3385120279033
302.4720959662879
303.7031562290103
303.96751319746267
322.50410002823133
324.01974060332935
324.17092429682805
324.9154079660691
324.9446834238717
326.02299809508304
342.04366213331696
