      w0
45.99818215552419
46.11614640316029
46.2341918950711
46.2854561061141
46.64209984457936
46.66220219085049
66.15099393974256
66.21422038391363
67.2035608289787
67.42718855001955
67.56663900675541
67.71048095820608
94.91883974837161
94.98549138985618
95.05530299704246
95.14998196101173
96.83078605730749
96.86069661396014
100.47817241652781
100.49314931930726
102.84282262274402
102.88393407993891
102.91358837539076
103.01147257283206
105.00067031976346
105.07895756286527
105.4956486809582
105.63448229343365
105.6823165116524
105.75131175013088
113.33606862044465
113.3560189215971
113.4160848160253
113.47726879444743
115.16179468122199
115.1831723903654
115.27731395118644
115.29770090293127
115.34190706114848
115.36122247033725
116.54992751143082
116.5885683524156
122.63615587257225
122.78176072134461
124.819379788545
124.82400020310307
124.83129737315613
124.84671088523295
128.4764482019481
128.51513753162104
129.4230762115455
129.4823235681228
129.50055442196174
129.51904685322884
136.0125255552263
136.04799435728634
136.10994129374077
136.13743762061745
136.67708447428836
136.70507389476842
147.73455985088285
147.82637071122787
147.91311534953232
148.1410702687595
148.1929743199911
148.32328084139783
154.413969948338
154.45617948889546
154.4621322558551
154.49897519959396
154.52153326428547
154.53197520182925
162.97433459517933
163.12355170639333
168.83871710927383
168.83932349149185
169.34456471812442
169.36445273696427
169.3668396439511
169.38430314872187
173.85584619156043
173.8635541814378
173.8712733516562
173.88520685976818
176.50287383169592
176.50352707200383
177.52601865071824
177.5287734280435
181.32458592465412
181.34134015985444
181.35004277416064
181.36538671956598
185.96408655119956
185.9743224581675
185.97813397749584
185.98403166453429
186.15540968647232
186.19275171429507
189.66388349158012
189.67806746063295
189.6961402990782
189.70670162075075
191.12045789215006
191.14090140624722
194.5494475425908
194.56318232356017
194.57974090311922
194.59170822669972
195.19144379770407
195.21213669311396
198.7462504251732
198.7498945290482
199.1288997866462
199.14141825177003
199.17145575520811
199.18272676328192
200.29395674405427
200.30512129299618
200.32471876177942
200.3281028875132
200.50152424382318
200.51604104097612
204.7439038540146
204.7694109510893
204.7977035957746
204.8335168705892
206.1215320612581
206.1303326009498
208.35387647869743
208.39007970606582
208.64320931679904
208.6503088201295
208.6560069653293
208.66559830224048
210.9057361465511
210.909082823528
211.2585364486749
211.26798184525765
211.27987147021517
211.2829844336524
221.9321871887733
221.93666355538997
221.95556362639667
221.9704239096786
222.0851398887034
222.10038883624466
236.63068586021762
273.3061140996074
273.32676301964
273.3352734979399
273.34181855499355
273.349953931726
273.36870184221146
274.7435004516244
274.7547175870575
274.76649728411627
274.77339405974504
275.587645663969
275.6213269530941
278.22997336747295
278.2362344092219
278.69500418674704
278.7500149076461
278.92589659074656
278.95177257623976
278.959233876751
278.9676547596995
279.4523582416071
279.4675448591523
279.63159479580213
279.64519003513
279.6669483753375
279.70281739290374
285.73262993385265
285.7618151246642
285.78263300916814
285.78427129478314
285.82040672230187
285.86974618086316
285.8873312421198
285.92737117584846
286.5535082323666
286.5635749155545
286.5921251858123
286.6079219053863
287.1325882998078
287.1689774081274
287.6159714126115
287.63602577240994
287.65134601061203
287.6913816541824
288.34056053214425
288.3504881967034
288.3525647736026
288.37713271330176
288.4585714578838
288.4612565647451
291.2065548925568
291.2308002391952
291.6652536014964
291.72323752151357
291.8299671899955
291.9169682990341
296.7478672140576
296.7574238904039
296.77132749528135
296.77865278529197
297.10922787675145
297.17302104563055
303.5370154765285
303.54819439548044
303.5728676975848
303.60522623064725
303.61046226202757
303.6426863940839
326.97571112398003
326.99734957977415
327.0034959548985
327.0043048114416
327.2544272897125
327.26400888381403
348.2416353711332
