    x             y      z
 -20.000  0.2603E-82  0.7808E-84
 -19.970  0.2603E-82  0.1562E-83
 -19.940  0.2603E-82  0.2342E-83
 -19.910  0.2603E-82  0.3123E-83
 -19.880  0.2603E-82  0.3904E-83
 -19.850  0.2603E-82  0.4685E-83
 -19.820  0.2603E-82  0.5465E-83
 -19.790  0.2603E-82  0.6246E-83
 -19.760  0.2603E-82  0.7027E-83
 -19.730  0.2603E-82  0.7808E-83
 -19.700  0.2603E-82  0.8589E-83
 -19.670  0.2603E-82  0.9369E-83
 -19.640  0.2603E-82  0.1015E-82
 -19.610  0.2603E-82  0.1093E-82
 -19.580  0.2603E-82  0.1171E-82
 -19.550  0.2603E-82  0.1249E-82
 -19.520  0.2603E-82  0.1327E-82
 -19.490  0.2603E-82  0.1405E-82
 -19.460  0.2603E-82  0.1483E-82
 -19.430  0.2603E-82  0.1562E-82
 -19.400  0.2603E-82  0.1640E-82
 -19.370  0.2603E-82  0.1718E-82
 -19.340  0.2603E-82  0.1796E-82
 -19.310  0.2603E-82  0.1874E-82
 -19.280  0.2603E-82  0.1952E-82
 -19.250  0.2603E-82  0.2030E-82
 -19.220  0.2603E-82  0.2108E-82
 -19.190  0.2603E-82  0.2186E-82
 -19.160  0.2603E-82  0.2264E-82
 -19.130  0.2625E-82  0.2343E-82
 -19.100  0.1355E-72  0.4064E-74
 -19.070  0.1055E-61  0.3166E-63
 -19.040  0.1113E-51  0.3339E-53
 -19.010  0.1588E-42  0.4764E-44
 -18.980  0.3067E-34  0.9200E-36
 -18.950  0.8015E-27  0.2405E-28
 -18.920  0.2835E-20  0.8505E-22
 -18.890  0.1357E-14  0.4071E-16
 -18.860  0.8792E-10  0.2638E-11
 -18.830  0.7709E-06  0.2313E-07
 -18.800  0.9147E-03  0.2746E-04
 -18.770  0.1469E+00  0.4434E-02
 -18.740  0.3192E+01  0.1002E+00
 -18.710  0.9389E+01  0.3819E+00
 -18.680  0.3737E+01  0.4940E+00
 -18.650  0.2111E+00  0.5003E+00
 -18.620  0.1299E+01  0.5393E+00
 -18.590  0.2321E+02  0.1236E+01
 -18.560  0.5622E+02  0.2922E+01
 -18.530  0.1845E+02  0.3476E+01
 -18.500  0.8197E+00  0.3500E+01
 -18.470  0.4934E-02  0.3500E+01
 -18.440  0.4023E-05  0.3500E+01
 -18.410  0.5678E-06  0.3500E+01
 -18.380  0.1114E-02  0.3500E+01
 -18.350  0.2960E+00  0.3509E+01
 -18.320  0.1065E+02  0.3829E+01
 -18.290  0.5183E+02  0.5384E+01
 -18.260  0.3414E+02  0.6408E+01
 -18.230  0.3081E+01  0.6500E+01
 -18.200  0.3062E+01  0.6592E+01
 -18.170  0.3402E+02  0.7613E+01
 -18.140  0.5188E+02  0.9169E+01
 -18.110  0.1073E+02  0.9491E+01
 -18.080  0.3006E+00  0.9500E+01
 -18.050  0.1142E-02  0.9500E+01
 -18.020  0.5885E-06  0.9500E+01
 -17.990  0.4109E-10  0.9500E+01
 -17.960  0.1246E-13  0.9500E+01
 -17.930  0.8215E-09  0.9500E+01
 -17.900  0.7567E-05  0.9500E+01
 -17.870  0.9433E-02  0.9500E+01
 -17.840  0.1592E+01  0.9548E+01
 -17.810  0.3635E+02  0.1064E+02
 -17.780  0.1124E+03  0.1401E+02
 -17.750  0.4701E+02  0.1542E+02
 -17.720  0.2662E+01  0.1550E+02
 -17.690  0.2041E-01  0.1550E+02
 -17.660  0.1197E-02  0.1550E+02
 -17.630  0.3102E+00  0.1551E+02
 -17.600  0.1124E+02  0.1585E+02
 -17.570  0.5710E+02  0.1756E+02
 -17.540  0.4291E+02  0.1885E+02
 -17.510  0.1195E+02  0.1921E+02
 -17.480  0.4601E+02  0.2059E+02
 -17.450  0.4188E+02  0.2184E+02
 -17.420  0.5174E+01  0.2200E+02
 -17.390  0.1820E+00  0.2200E+02
 -17.360  0.5492E+01  0.2217E+02
 -17.330  0.4303E+02  0.2346E+02
 -17.300  0.5619E+02  0.2514E+02
 -17.270  0.8178E+02  0.2760E+02
 -17.240  0.9629E+02  0.3049E+02
 -17.210  0.7894E+02  0.3285E+02
 -17.180  0.1097E+03  0.3615E+02
 -17.150  0.2756E+02  0.3697E+02
 -17.120  0.1114E+01  0.3701E+02
 -17.090  0.1021E+02  0.3731E+02
 -17.060  0.8358E+02  0.3982E+02
 -17.030  0.1012E+03  0.4286E+02
 -17.000  0.6387E+02  0.4477E+02
 -16.970  0.4761E+02  0.4620E+02
 -16.940  0.5508E+02  0.4785E+02
 -16.910  0.3497E+02  0.4890E+02
 -16.880  0.3216E+01  0.4900E+02
 -16.850  0.1935E+00  0.4900E+02
 -16.820  0.1145E+02  0.4935E+02
 -16.790  0.1309E+03  0.5328E+02
 -16.760  0.3130E+03  0.6267E+02
 -16.730  0.2432E+03  0.6996E+02
 -16.700  0.5041E+02  0.7148E+02
 -16.670  0.2164E+02  0.7212E+02
 -16.640  0.5645E+02  0.7382E+02
 -16.610  0.2591E+02  0.7460E+02
 -16.580  0.4195E+02  0.7585E+02
 -16.550  0.1064E+03  0.7905E+02
 -16.520  0.2739E+03  0.8726E+02
 -16.490  0.1961E+03  0.9315E+02
 -16.460  0.2940E+02  0.9403E+02
 -16.430  0.2737E+02  0.9485E+02
 -16.400  0.6438E+02  0.9678E+02
 -16.370  0.6541E+02  0.9874E+02
 -16.340  0.3803E+02  0.9988E+02
 -16.310  0.3825E+01  0.1000E+03
 -16.280  0.5282E-01  0.1000E+03
 -16.250  0.9880E-04  0.1000E+03
 -16.220  0.2501E-07  0.1000E+03
 -16.190  0.8571E-12  0.1000E+03
 -16.160  0.3974E-17  0.1000E+03
 -16.130  0.2494E-23  0.1000E+03
 -16.100  0.2119E-30  0.1000E+03
 -16.070  0.2436E-38  0.1000E+03
 -16.040  0.3790E-47  0.1000E+03
 -16.010  0.7980E-57  0.1000E+03
 -15.980  0.2274E-67  0.1000E+03
 -15.950  0.8774E-79  0.1000E+03
 -15.920  0.2603E-82  0.1000E+03
 -15.890  0.2603E-82  0.1000E+03
 -15.860  0.2603E-82  0.1000E+03
 -15.830  0.2603E-82  0.1000E+03
 -15.800  0.2603E-82  0.1000E+03
 -15.770  0.2603E-82  0.1000E+03
 -15.740  0.2603E-82  0.1000E+03
 -15.710  0.2603E-82  0.1000E+03
 -15.680  0.2603E-82  0.1000E+03
 -15.650  0.2603E-82  0.1000E+03
 -15.620  0.2603E-82  0.1000E+03
 -15.590  0.2603E-82  0.1000E+03
 -15.560  0.2603E-82  0.1000E+03
 -15.530  0.2603E-82  0.1000E+03
 -15.500  0.2603E-82  0.1000E+03
 -15.470  0.2603E-82  0.1000E+03
 -15.440  0.2603E-82  0.1000E+03
 -15.410  0.2603E-82  0.1000E+03
 -15.380  0.2603E-82  0.1000E+03
 -15.350  0.2603E-82  0.1000E+03
 -15.320  0.2603E-82  0.1000E+03
 -15.290  0.2603E-82  0.1000E+03
 -15.260  0.2603E-82  0.1000E+03
 -15.230  0.2603E-82  0.1000E+03
 -15.200  0.2603E-82  0.1000E+03
 -15.170  0.2603E-82  0.1000E+03
 -15.140  0.2603E-82  0.1000E+03
 -15.110  0.2603E-82  0.1000E+03
 -15.080  0.2603E-82  0.1000E+03
 -15.050  0.2603E-82  0.1000E+03
 -15.020  0.2603E-82  0.1000E+03
 -14.990  0.2603E-82  0.1000E+03
 -14.960  0.2603E-82  0.1000E+03
 -14.930  0.2603E-82  0.1000E+03
 -14.900  0.2603E-82  0.1000E+03
 -14.870  0.2603E-82  0.1000E+03
 -14.840  0.2603E-82  0.1000E+03
 -14.810  0.2603E-82  0.1000E+03
 -14.780  0.2603E-82  0.1000E+03
 -14.750  0.2603E-82  0.1000E+03
 -14.720  0.2603E-82  0.1000E+03
 -14.690  0.2603E-82  0.1000E+03
 -14.660  0.2603E-82  0.1000E+03
 -14.630  0.2603E-82  0.1000E+03
 -14.600  0.2603E-82  0.1000E+03
 -14.570  0.2603E-82  0.1000E+03
 -14.540  0.2603E-82  0.1000E+03
 -14.510  0.2603E-82  0.1000E+03
 -14.480  0.2603E-82  0.1000E+03
 -14.450  0.2603E-82  0.1000E+03
 -14.420  0.2603E-82  0.1000E+03
 -14.390  0.2603E-82  0.1000E+03
 -14.360  0.2603E-82  0.1000E+03
 -14.330  0.2603E-82  0.1000E+03
 -14.300  0.2603E-82  0.1000E+03
 -14.270  0.2603E-82  0.1000E+03
 -14.240  0.2603E-82  0.1000E+03
 -14.210  0.2603E-82  0.1000E+03
 -14.180  0.2603E-82  0.1000E+03
 -14.150  0.2603E-82  0.1000E+03
 -14.120  0.2603E-82  0.1000E+03
 -14.090  0.2603E-82  0.1000E+03
 -14.060  0.2603E-82  0.1000E+03
 -14.030  0.2603E-82  0.1000E+03
 -14.000  0.2603E-82  0.1000E+03
 -13.970  0.2603E-82  0.1000E+03
 -13.940  0.2603E-82  0.1000E+03
 -13.910  0.2603E-82  0.1000E+03
 -13.880  0.2603E-82  0.1000E+03
 -13.850  0.2603E-82  0.1000E+03
 -13.820  0.2603E-82  0.1000E+03
 -13.790  0.2603E-82  0.1000E+03
 -13.760  0.2603E-82  0.1000E+03
 -13.730  0.2603E-82  0.1000E+03
 -13.700  0.2603E-82  0.1000E+03
 -13.670  0.2603E-82  0.1000E+03
 -13.640  0.2603E-82  0.1000E+03
 -13.610  0.2603E-82  0.1000E+03
 -13.580  0.2603E-82  0.1000E+03
 -13.550  0.2603E-82  0.1000E+03
 -13.520  0.2603E-82  0.1000E+03
 -13.490  0.2603E-82  0.1000E+03
 -13.460  0.2603E-82  0.1000E+03
 -13.430  0.2603E-82  0.1000E+03
 -13.400  0.2603E-82  0.1000E+03
 -13.370  0.2603E-82  0.1000E+03
 -13.340  0.2603E-82  0.1000E+03
 -13.310  0.2603E-82  0.1000E+03
 -13.280  0.2603E-82  0.1000E+03
 -13.250  0.2603E-82  0.1000E+03
 -13.220  0.2603E-82  0.1000E+03
 -13.190  0.2603E-82  0.1000E+03
 -13.160  0.2603E-82  0.1000E+03
 -13.130  0.2603E-82  0.1000E+03
 -13.100  0.2603E-82  0.1000E+03
 -13.070  0.2603E-82  0.1000E+03
 -13.040  0.2603E-82  0.1000E+03
 -13.010  0.2603E-82  0.1000E+03
 -12.980  0.2603E-82  0.1000E+03
 -12.950  0.2603E-82  0.1000E+03
 -12.920  0.2603E-82  0.1000E+03
 -12.890  0.2603E-82  0.1000E+03
 -12.860  0.2603E-82  0.1000E+03
 -12.830  0.2603E-82  0.1000E+03
 -12.800  0.2603E-82  0.1000E+03
 -12.770  0.2603E-82  0.1000E+03
 -12.740  0.2603E-82  0.1000E+03
 -12.710  0.2603E-82  0.1000E+03
 -12.680  0.2603E-82  0.1000E+03
 -12.650  0.2603E-82  0.1000E+03
 -12.620  0.2603E-82  0.1000E+03
 -12.590  0.2603E-82  0.1000E+03
 -12.560  0.2603E-82  0.1000E+03
 -12.530  0.2603E-82  0.1000E+03
 -12.500  0.2603E-82  0.1000E+03
 -12.470  0.2603E-82  0.1000E+03
 -12.440  0.2603E-82  0.1000E+03
 -12.410  0.2603E-82  0.1000E+03
 -12.380  0.2603E-82  0.1000E+03
 -12.350  0.2603E-82  0.1000E+03
 -12.320  0.2603E-82  0.1000E+03
 -12.290  0.2603E-82  0.1000E+03
 -12.260  0.2603E-82  0.1000E+03
 -12.230  0.2603E-82  0.1000E+03
 -12.200  0.2603E-82  0.1000E+03
 -12.170  0.2603E-82  0.1000E+03
 -12.140  0.2603E-82  0.1000E+03
 -12.110  0.2603E-82  0.1000E+03
 -12.080  0.2603E-82  0.1000E+03
 -12.050  0.2603E-82  0.1000E+03
 -12.020  0.2603E-82  0.1000E+03
 -11.990  0.2603E-82  0.1000E+03
 -11.960  0.2603E-82  0.1000E+03
 -11.930  0.2603E-82  0.1000E+03
 -11.900  0.2603E-82  0.1000E+03
 -11.870  0.2603E-82  0.1000E+03
 -11.840  0.2603E-82  0.1000E+03
 -11.810  0.2603E-82  0.1000E+03
 -11.780  0.2603E-82  0.1000E+03
 -11.750  0.2603E-82  0.1000E+03
 -11.720  0.2603E-82  0.1000E+03
 -11.690  0.2603E-82  0.1000E+03
 -11.660  0.2603E-82  0.1000E+03
 -11.630  0.2603E-82  0.1000E+03
 -11.600  0.2603E-82  0.1000E+03
 -11.570  0.2603E-82  0.1000E+03
 -11.540  0.2603E-82  0.1000E+03
 -11.510  0.2603E-82  0.1000E+03
 -11.480  0.2603E-82  0.1000E+03
 -11.450  0.2603E-82  0.1000E+03
 -11.420  0.2603E-82  0.1000E+03
 -11.390  0.2603E-82  0.1000E+03
 -11.360  0.2603E-82  0.1000E+03
 -11.330  0.2603E-82  0.1000E+03
 -11.300  0.2603E-82  0.1000E+03
 -11.270  0.2603E-82  0.1000E+03
 -11.240  0.2603E-82  0.1000E+03
 -11.210  0.2603E-82  0.1000E+03
 -11.180  0.2603E-82  0.1000E+03
 -11.150  0.2603E-82  0.1000E+03
 -11.120  0.2603E-82  0.1000E+03
 -11.090  0.2603E-82  0.1000E+03
 -11.060  0.2603E-82  0.1000E+03
 -11.030  0.2603E-82  0.1000E+03
 -11.000  0.2603E-82  0.1000E+03
 -10.970  0.2603E-82  0.1000E+03
 -10.940  0.2603E-82  0.1000E+03
 -10.910  0.2603E-82  0.1000E+03
 -10.880  0.2603E-82  0.1000E+03
 -10.850  0.2603E-82  0.1000E+03
 -10.820  0.2603E-82  0.1000E+03
 -10.790  0.2603E-82  0.1000E+03
 -10.760  0.2603E-82  0.1000E+03
 -10.730  0.2603E-82  0.1000E+03
 -10.700  0.2603E-82  0.1000E+03
 -10.670  0.1130E-78  0.1000E+03
 -10.640  0.2731E-67  0.1000E+03
 -10.610  0.8936E-57  0.1000E+03
 -10.580  0.3957E-47  0.1000E+03
 -10.550  0.2372E-38  0.1000E+03
 -10.520  0.1924E-30  0.1000E+03
 -10.490  0.2113E-23  0.1000E+03
 -10.460  0.3141E-17  0.1000E+03
 -10.430  0.6320E-12  0.1000E+03
 -10.400  0.1721E-07  0.1000E+03
 -10.370  0.6343E-04  0.1000E+03
 -10.340  0.3164E-01  0.1000E+03
 -10.310  0.2137E+01  0.1001E+03
 -10.280  0.1953E+02  0.1007E+03
 -10.250  0.2416E+02  0.1014E+03
 -10.220  0.4046E+01  0.1015E+03
 -10.190  0.1771E+00  0.1015E+03
 -10.160  0.2403E+01  0.1016E+03
 -10.130  0.9142E+01  0.1018E+03
 -10.100  0.5097E+01  0.1020E+03
 -10.070  0.1709E+02  0.1025E+03
 -10.040  0.9756E+02  0.1054E+03
 -10.010  0.7703E+02  0.1078E+03
  -9.980  0.1369E+02  0.1082E+03
  -9.950  0.4356E+02  0.1095E+03
  -9.920  0.6304E+02  0.1114E+03
  -9.890  0.6259E+02  0.1132E+03
  -9.860  0.2398E+02  0.1140E+03
  -9.830  0.1374E+01  0.1140E+03
  -9.800  0.6506E-01  0.1140E+03
  -9.770  0.3888E+01  0.1141E+03
  -9.740  0.3766E+02  0.1152E+03
  -9.710  0.4940E+02  0.1167E+03
  -9.680  0.8776E+01  0.1170E+03
  -9.650  0.4508E+00  0.1170E+03
  -9.620  0.9451E+01  0.1173E+03
  -9.590  0.5139E+02  0.1188E+03
  -9.560  0.6513E+02  0.1208E+03
  -9.530  0.1132E+03  0.1242E+03
  -9.500  0.5690E+02  0.1259E+03
  -9.470  0.1695E+02  0.1264E+03
  -9.440  0.1023E+03  0.1295E+03
  -9.410  0.1471E+03  0.1339E+03
  -9.380  0.3662E+02  0.1350E+03
  -9.350  0.1686E+02  0.1355E+03
  -9.320  0.5574E+02  0.1372E+03
  -9.290  0.3855E+02  0.1383E+03
  -9.260  0.5506E+02  0.1400E+03
  -9.230  0.4367E+02  0.1413E+03
  -9.200  0.5574E+02  0.1429E+03
  -9.170  0.4672E+02  0.1443E+03
  -9.140  0.6354E+02  0.1463E+03
  -9.110  0.6080E+02  0.1481E+03
  -9.080  0.8759E+02  0.1507E+03
  -9.050  0.2424E+03  0.1580E+03
  -9.020  0.1659E+03  0.1630E+03
  -8.990  0.1784E+02  0.1635E+03
  -8.960  0.2606E+01  0.1636E+03
  -8.930  0.4408E+02  0.1649E+03
  -8.900  0.1127E+03  0.1683E+03
  -8.870  0.3920E+02  0.1694E+03
  -8.840  0.9353E+01  0.1697E+03
  -8.810  0.4731E+02  0.1711E+03
  -8.780  0.4029E+02  0.1724E+03
  -8.750  0.4646E+01  0.1725E+03
  -8.720  0.7255E-01  0.1725E+03
  -8.690  0.1534E-03  0.1725E+03
  -8.660  0.4394E-07  0.1725E+03
  -8.630  0.1720E-11  0.1725E+03
  -8.600  0.1030E-08  0.1725E+03
  -8.570  0.9066E-05  0.1725E+03
  -8.540  0.1081E-01  0.1725E+03
  -8.510  0.1749E+01  0.1726E+03
  -8.480  0.3900E+02  0.1737E+03
  -8.450  0.1321E+03  0.1777E+03
  -8.420  0.1015E+03  0.1807E+03
  -8.390  0.2478E+02  0.1815E+03
  -8.360  0.1194E+02  0.1818E+03
  -8.330  0.5377E+02  0.1834E+03
  -8.300  0.7859E+02  0.1858E+03
  -8.270  0.1858E+03  0.1914E+03
  -8.240  0.1594E+03  0.1962E+03
  -8.210  0.8294E+02  0.1986E+03
  -8.180  0.8405E+02  0.2012E+03
  -8.150  0.7257E+02  0.2033E+03
  -8.120  0.9964E+02  0.2063E+03
  -8.090  0.1656E+03  0.2113E+03
  -8.060  0.8197E+02  0.2138E+03
  -8.030  0.1247E+03  0.2175E+03
  -8.000  0.1863E+03  0.2231E+03
  -7.970  0.6078E+02  0.2249E+03
  -7.940  0.2994E+01  0.2250E+03
  -7.910  0.2081E-01  0.2250E+03
  -7.880  0.2022E-04  0.2250E+03
  -7.850  0.2734E-08  0.2250E+03
  -7.820  0.3281E-10  0.2250E+03
  -7.790  0.4974E-06  0.2250E+03
  -7.760  0.1037E-02  0.2250E+03
  -7.730  0.3027E+00  0.2250E+03
  -7.700  0.1282E+02  0.2254E+03
  -7.670  0.8345E+02  0.2279E+03
  -7.640  0.8802E+02  0.2305E+03
  -7.610  0.2028E+02  0.2311E+03
  -7.580  0.6439E+02  0.2331E+03
  -7.550  0.1062E+03  0.2363E+03
  -7.520  0.2384E+02  0.2370E+03
  -7.490  0.7248E+00  0.2370E+03
  -7.460  0.1386E-01  0.2370E+03
  -7.430  0.2009E+01  0.2371E+03
  -7.400  0.5184E+02  0.2386E+03
  -7.370  0.2066E+03  0.2448E+03
  -7.340  0.1835E+03  0.2503E+03
  -7.310  0.7087E+02  0.2524E+03
  -7.280  0.5972E+02  0.2542E+03
  -7.250  0.2410E+02  0.2550E+03
  -7.220  0.4995E+01  0.2551E+03
  -7.190  0.3656E+02  0.2562E+03
  -7.160  0.5023E+02  0.2577E+03
  -7.130  0.1104E+02  0.2580E+03
  -7.100  0.3866E+02  0.2592E+03
  -7.070  0.1414E+03  0.2634E+03
  -7.040  0.1865E+03  0.2690E+03
  -7.010  0.1170E+03  0.2726E+03
  -6.980  0.1728E+02  0.2731E+03
  -6.950  0.5276E+02  0.2747E+03
  -6.920  0.1716E+03  0.2798E+03
  -6.890  0.1093E+03  0.2831E+03
  -6.860  0.1380E+02  0.2835E+03
  -6.830  0.4988E+01  0.2836E+03
  -6.800  0.5561E+02  0.2853E+03
  -6.770  0.1453E+03  0.2897E+03
  -6.740  0.8629E+02  0.2923E+03
  -6.710  0.2499E+02  0.2930E+03
  -6.680  0.5582E+02  0.2947E+03
  -6.650  0.2563E+02  0.2955E+03
  -6.620  0.1600E+01  0.2955E+03
  -6.590  0.4040E-01  0.2955E+03
  -6.560  0.2495E+01  0.2956E+03
  -6.530  0.3138E+02  0.2965E+03
  -6.500  0.5365E+02  0.2981E+03
  -6.470  0.2174E+02  0.2988E+03
  -6.440  0.5071E+02  0.3003E+03
  -6.410  0.3833E+02  0.3015E+03
  -6.380  0.3165E+02  0.3024E+03
  -6.350  0.5809E+02  0.3041E+03
  -6.320  0.4919E+02  0.3056E+03
  -6.290  0.5632E+02  0.3073E+03
  -6.260  0.4351E+02  0.3086E+03
  -6.230  0.7561E+02  0.3109E+03
  -6.200  0.5875E+02  0.3126E+03
  -6.170  0.3355E+02  0.3137E+03
  -6.140  0.1132E+03  0.3170E+03
  -6.110  0.2164E+03  0.3235E+03
  -6.080  0.6598E+02  0.3255E+03
  -6.050  0.3799E+02  0.3267E+03
  -6.020  0.5970E+02  0.3284E+03
  -5.990  0.8810E+02  0.3311E+03
  -5.960  0.1030E+03  0.3342E+03
  -5.930  0.7914E+02  0.3366E+03
  -5.900  0.2164E+03  0.3430E+03
  -5.870  0.2875E+03  0.3517E+03
  -5.840  0.1279E+03  0.3555E+03
  -5.810  0.9684E+02  0.3584E+03
  -5.780  0.9474E+02  0.3613E+03
  -5.750  0.8958E+02  0.3639E+03
  -5.720  0.1670E+03  0.3690E+03
  -5.690  0.4943E+02  0.3704E+03
  -5.660  0.2003E+01  0.3705E+03
  -5.630  0.1182E-01  0.3705E+03
  -5.600  0.2174E+00  0.3705E+03
  -5.570  0.8929E+01  0.3708E+03
  -5.540  0.4964E+02  0.3723E+03
  -5.510  0.3758E+02  0.3734E+03
  -5.480  0.1309E+02  0.3738E+03
  -5.450  0.5118E+02  0.3753E+03
  -5.420  0.5732E+02  0.3770E+03
  -5.390  0.7191E+02  0.3792E+03
  -5.360  0.1090E+03  0.3825E+03
  -5.330  0.8899E+02  0.3851E+03
  -5.300  0.1513E+02  0.3856E+03
  -5.270  0.3519E+02  0.3866E+03
  -5.240  0.5353E+02  0.3883E+03
  -5.210  0.5049E+02  0.3898E+03
  -5.180  0.1205E+03  0.3934E+03
  -5.150  0.1100E+03  0.3967E+03
  -5.120  0.7760E+02  0.3990E+03
  -5.090  0.6274E+02  0.4009E+03
  -5.060  0.1963E+02  0.4015E+03
  -5.030  0.8395E+01  0.4017E+03
  -5.000  0.2758E+02  0.4026E+03
  -4.970  0.1465E+02  0.4030E+03
  -4.940  0.2077E+02  0.4036E+03
  -4.910  0.6529E+02  0.4056E+03
  -4.880  0.1014E+03  0.4086E+03
  -4.850  0.9859E+02  0.4116E+03
  -4.820  0.3584E+02  0.4127E+03
  -4.790  0.6952E+02  0.4147E+03
  -4.760  0.1706E+03  0.4199E+03
  -4.730  0.1174E+03  0.4234E+03
  -4.700  0.5920E+02  0.4252E+03
  -4.670  0.2410E+02  0.4259E+03
  -4.640  0.5398E+02  0.4275E+03
  -4.610  0.3147E+02  0.4284E+03
  -4.580  0.2281E+02  0.4291E+03
  -4.550  0.1090E+03  0.4324E+03
  -4.520  0.1572E+03  0.4371E+03
  -4.490  0.1721E+03  0.4423E+03
  -4.460  0.5123E+02  0.4438E+03
  -4.430  0.5955E+01  0.4440E+03
  -4.400  0.3007E+00  0.4440E+03
  -4.370  0.2581E-01  0.4440E+03
  -4.340  0.2269E+01  0.4441E+03
  -4.310  0.3008E+02  0.4450E+03
  -4.280  0.5404E+02  0.4466E+03
  -4.250  0.1316E+02  0.4470E+03
  -4.220  0.4738E+00  0.4470E+03
  -4.190  0.3197E+01  0.4471E+03
  -4.160  0.3483E+02  0.4481E+03
  -4.130  0.5139E+02  0.4497E+03
  -4.100  0.1026E+02  0.4500E+03
  -4.070  0.2774E+00  0.4500E+03
  -4.040  0.1015E-02  0.4500E+03
  -4.010  0.5024E-06  0.4500E+03
  -3.980  0.3366E-10  0.4500E+03
  -3.950  0.3053E-15  0.4500E+03
  -3.920  0.3748E-21  0.4500E+03
  -3.890  0.6228E-28  0.4500E+03
  -3.860  0.1400E-35  0.4500E+03
  -3.830  0.4262E-44  0.4500E+03
  -3.800  0.1756E-53  0.4500E+03
  -3.770  0.9790E-64  0.4500E+03
  -3.740  0.7387E-75  0.4500E+03
  -3.710  0.2603E-82  0.4500E+03
  -3.680  0.2603E-82  0.4500E+03
  -3.650  0.2603E-82  0.4500E+03
  -3.620  0.2603E-82  0.4500E+03
  -3.590  0.2603E-82  0.4500E+03
  -3.560  0.2603E-82  0.4500E+03
  -3.530  0.2603E-82  0.4500E+03
  -3.500  0.2603E-82  0.4500E+03
  -3.470  0.2603E-82  0.4500E+03
  -3.440  0.2603E-82  0.4500E+03
  -3.410  0.2603E-82  0.4500E+03
  -3.380  0.2603E-82  0.4500E+03
  -3.350  0.2603E-82  0.4500E+03
  -3.320  0.2603E-82  0.4500E+03
  -3.290  0.2603E-82  0.4500E+03
  -3.260  0.2603E-82  0.4500E+03
  -3.230  0.2603E-82  0.4500E+03
  -3.200  0.2603E-82  0.4500E+03
  -3.170  0.2603E-82  0.4500E+03
  -3.140  0.2603E-82  0.4500E+03
  -3.110  0.2603E-82  0.4500E+03
  -3.080  0.2603E-82  0.4500E+03
  -3.050  0.2603E-82  0.4500E+03
  -3.020  0.2603E-82  0.4500E+03
  -2.990  0.2603E-82  0.4500E+03
  -2.960  0.2603E-82  0.4500E+03
  -2.930  0.2603E-82  0.4500E+03
  -2.900  0.2603E-82  0.4500E+03
  -2.870  0.2603E-82  0.4500E+03
  -2.840  0.2603E-82  0.4500E+03
  -2.810  0.2603E-82  0.4500E+03
  -2.780  0.2603E-82  0.4500E+03
  -2.750  0.2603E-82  0.4500E+03
  -2.720  0.2603E-82  0.4500E+03
  -2.690  0.2603E-82  0.4500E+03
  -2.660  0.2603E-82  0.4500E+03
  -2.630  0.2603E-82  0.4500E+03
  -2.600  0.2603E-82  0.4500E+03
  -2.570  0.2603E-82  0.4500E+03
  -2.540  0.2603E-82  0.4500E+03
  -2.510  0.2603E-82  0.4500E+03
  -2.480  0.2603E-82  0.4500E+03
  -2.450  0.2603E-82  0.4500E+03
  -2.420  0.2603E-82  0.4500E+03
  -2.390  0.2603E-82  0.4500E+03
  -2.360  0.2603E-82  0.4500E+03
  -2.330  0.2603E-82  0.4500E+03
  -2.300  0.2603E-82  0.4500E+03
  -2.270  0.2603E-82  0.4500E+03
  -2.240  0.2603E-82  0.4500E+03
  -2.210  0.2603E-82  0.4500E+03
  -2.180  0.2603E-82  0.4500E+03
  -2.150  0.2603E-82  0.4500E+03
  -2.120  0.2603E-82  0.4500E+03
  -2.090  0.2603E-82  0.4500E+03
  -2.060  0.2603E-82  0.4500E+03
  -2.030  0.2603E-82  0.4500E+03
  -2.000  0.2603E-82  0.4500E+03
  -1.970  0.2603E-82  0.4500E+03
  -1.940  0.2603E-82  0.4500E+03
  -1.910  0.2603E-82  0.4500E+03
  -1.880  0.2603E-82  0.4500E+03
  -1.850  0.2603E-82  0.4500E+03
  -1.820  0.2603E-82  0.4500E+03
  -1.790  0.2603E-82  0.4500E+03
  -1.760  0.2603E-82  0.4500E+03
  -1.730  0.2603E-82  0.4500E+03
  -1.700  0.2603E-82  0.4500E+03
  -1.670  0.2603E-82  0.4500E+03
  -1.640  0.2603E-82  0.4500E+03
  -1.610  0.2603E-82  0.4500E+03
  -1.580  0.2603E-82  0.4500E+03
  -1.550  0.2603E-82  0.4500E+03
  -1.520  0.2603E-82  0.4500E+03
  -1.490  0.2603E-82  0.4500E+03
  -1.460  0.2603E-82  0.4500E+03
  -1.430  0.2603E-82  0.4500E+03
  -1.400  0.2603E-82  0.4500E+03
  -1.370  0.2603E-82  0.4500E+03
  -1.340  0.2603E-82  0.4500E+03
  -1.310  0.2603E-82  0.4500E+03
  -1.280  0.2603E-82  0.4500E+03
  -1.250  0.2603E-82  0.4500E+03
  -1.220  0.2603E-82  0.4500E+03
  -1.190  0.2603E-82  0.4500E+03
  -1.160  0.2603E-82  0.4500E+03
  -1.130  0.2603E-82  0.4500E+03
  -1.100  0.2603E-82  0.4500E+03
  -1.070  0.2603E-82  0.4500E+03
  -1.040  0.2603E-82  0.4500E+03
  -1.010  0.2603E-82  0.4500E+03
  -0.980  0.2603E-82  0.4500E+03
  -0.950  0.2603E-82  0.4500E+03
  -0.920  0.2603E-82  0.4500E+03
  -0.890  0.2603E-82  0.4500E+03
  -0.860  0.2603E-82  0.4500E+03
  -0.830  0.2603E-82  0.4500E+03
  -0.800  0.2603E-82  0.4500E+03
  -0.770  0.2603E-82  0.4500E+03
  -0.740  0.2603E-82  0.4500E+03
  -0.710  0.2603E-82  0.4500E+03
  -0.680  0.2603E-82  0.4500E+03
  -0.650  0.2603E-82  0.4500E+03
  -0.620  0.2603E-82  0.4500E+03
  -0.590  0.2603E-82  0.4500E+03
  -0.560  0.2603E-82  0.4500E+03
  -0.530  0.2603E-82  0.4500E+03
  -0.500  0.2603E-82  0.4500E+03
  -0.470  0.2603E-82  0.4500E+03
  -0.440  0.2603E-82  0.4500E+03
  -0.410  0.2603E-82  0.4500E+03
  -0.380  0.2603E-82  0.4500E+03
  -0.350  0.2603E-82  0.4500E+03
  -0.320  0.2603E-82  0.4500E+03
  -0.290  0.2603E-82  0.4500E+03
  -0.260  0.2603E-82  0.4500E+03
  -0.230  0.2603E-82  0.4500E+03
  -0.200  0.2603E-82  0.4500E+03
  -0.170  0.2603E-82  0.4500E+03
  -0.140  0.2603E-82  0.4500E+03
  -0.110  0.2603E-82  0.4500E+03
  -0.080  0.2603E-82  0.4500E+03
  -0.050  0.2603E-82  0.4500E+03
  -0.020  0.2603E-82  0.4500E+03
   0.010  0.2603E-82  0.4500E+03
   0.040  0.2603E-82  0.4500E+03
   0.070  0.2603E-82  0.4500E+03
   0.100  0.2603E-82  0.4500E+03
   0.130  0.2603E-82  0.4500E+03
   0.160  0.2603E-82  0.4500E+03
   0.190  0.2603E-82  0.4500E+03
   0.220  0.2603E-82  0.4500E+03
   0.250  0.2603E-82  0.4500E+03
   0.280  0.2603E-82  0.4500E+03
   0.310  0.2603E-82  0.4500E+03
   0.340  0.2603E-82  0.4500E+03
   0.370  0.2603E-82  0.4500E+03
   0.400  0.2603E-82  0.4500E+03
   0.430  0.2603E-82  0.4500E+03
   0.460  0.2603E-82  0.4500E+03
   0.490  0.2603E-82  0.4500E+03
   0.520  0.2603E-82  0.4500E+03
   0.550  0.2603E-82  0.4500E+03
   0.580  0.2603E-82  0.4500E+03
   0.610  0.2603E-82  0.4500E+03
   0.640  0.2603E-82  0.4500E+03
   0.670  0.2603E-82  0.4500E+03
   0.700  0.2603E-82  0.4500E+03
   0.730  0.2603E-82  0.4500E+03
   0.760  0.2603E-82  0.4500E+03
   0.790  0.2603E-82  0.4500E+03
   0.820  0.2603E-82  0.4500E+03
   0.850  0.2603E-82  0.4500E+03
   0.880  0.2603E-82  0.4500E+03
   0.910  0.2603E-82  0.4500E+03
   0.940  0.2603E-82  0.4500E+03
   0.970  0.2603E-82  0.4500E+03
   1.000  0.2603E-82  0.4500E+03
   1.030  0.2603E-82  0.4500E+03
   1.060  0.2603E-82  0.4500E+03
   1.090  0.2603E-82  0.4500E+03
   1.120  0.2603E-82  0.4500E+03
   1.150  0.2603E-82  0.4500E+03
   1.180  0.2603E-82  0.4500E+03
   1.210  0.2603E-82  0.4500E+03
   1.240  0.2603E-82  0.4500E+03
   1.270  0.2603E-82  0.4500E+03
   1.300  0.2603E-82  0.4500E+03
   1.330  0.2603E-82  0.4500E+03
   1.360  0.2603E-82  0.4500E+03
   1.390  0.2603E-82  0.4500E+03
   1.420  0.2603E-82  0.4500E+03
   1.450  0.2603E-82  0.4500E+03
   1.480  0.2603E-82  0.4500E+03
   1.510  0.2603E-82  0.4500E+03
   1.540  0.2603E-82  0.4500E+03
   1.570  0.2603E-82  0.4500E+03
   1.600  0.2603E-82  0.4500E+03
   1.630  0.2603E-82  0.4500E+03
   1.660  0.2603E-82  0.4500E+03
   1.690  0.2603E-82  0.4500E+03
   1.720  0.2603E-82  0.4500E+03
   1.750  0.2603E-82  0.4500E+03
   1.780  0.2603E-82  0.4500E+03
   1.810  0.2603E-82  0.4500E+03
   1.840  0.2603E-82  0.4500E+03
   1.870  0.2603E-82  0.4500E+03
   1.900  0.2603E-82  0.4500E+03
   1.930  0.2603E-82  0.4500E+03
   1.960  0.2603E-82  0.4500E+03
   1.990  0.2603E-82  0.4500E+03
   2.020  0.2603E-82  0.4500E+03
   2.050  0.2603E-82  0.4500E+03
   2.080  0.2603E-82  0.4500E+03
   2.110  0.2603E-82  0.4500E+03
   2.140  0.2603E-82  0.4500E+03
   2.170  0.2603E-82  0.4500E+03
   2.200  0.2603E-82  0.4500E+03
   2.230  0.2603E-82  0.4500E+03
   2.260  0.2603E-82  0.4500E+03
   2.290  0.2603E-82  0.4500E+03
   2.320  0.2603E-82  0.4500E+03
   2.350  0.2603E-82  0.4500E+03
   2.380  0.2603E-82  0.4500E+03
   2.410  0.2603E-82  0.4500E+03
   2.440  0.2603E-82  0.4500E+03
   2.470  0.2603E-82  0.4500E+03
   2.500  0.2603E-82  0.4500E+03
   2.530  0.2603E-82  0.4500E+03
   2.560  0.2603E-82  0.4500E+03
   2.590  0.2603E-82  0.4500E+03
   2.620  0.2603E-82  0.4500E+03
   2.650  0.2603E-82  0.4500E+03
   2.680  0.2603E-82  0.4500E+03
   2.710  0.2603E-82  0.4500E+03
   2.740  0.2603E-82  0.4500E+03
   2.770  0.2603E-82  0.4500E+03
   2.800  0.2603E-82  0.4500E+03
   2.830  0.2603E-82  0.4500E+03
   2.860  0.2603E-82  0.4500E+03
   2.890  0.2603E-82  0.4500E+03
   2.920  0.2603E-82  0.4500E+03
   2.950  0.2603E-82  0.4500E+03
   2.980  0.2603E-82  0.4500E+03
   3.010  0.2603E-82  0.4500E+03
   3.040  0.2603E-82  0.4500E+03
   3.070  0.2603E-82  0.4500E+03
   3.100  0.2603E-82  0.4500E+03
   3.130  0.2603E-82  0.4500E+03
   3.160  0.2603E-82  0.4500E+03
   3.190  0.2603E-82  0.4500E+03
   3.220  0.2603E-82  0.4500E+03
   3.250  0.2603E-82  0.4500E+03
   3.280  0.2603E-82  0.4500E+03
   3.310  0.2603E-82  0.4500E+03
   3.340  0.2603E-82  0.4500E+03
   3.370  0.2603E-82  0.4500E+03
   3.400  0.2603E-82  0.4500E+03
   3.430  0.2603E-82  0.4500E+03
   3.460  0.2603E-82  0.4500E+03
   3.490  0.2603E-82  0.4500E+03
   3.520  0.2603E-82  0.4500E+03
   3.550  0.2603E-82  0.4500E+03
   3.580  0.2603E-82  0.4500E+03
   3.610  0.2603E-82  0.4500E+03
   3.640  0.2603E-82  0.4500E+03
   3.670  0.2603E-82  0.4500E+03
   3.700  0.2603E-82  0.4500E+03
   3.730  0.2603E-82  0.4500E+03
   3.760  0.2603E-82  0.4500E+03
   3.790  0.2603E-82  0.4500E+03
   3.820  0.2603E-82  0.4500E+03
   3.850  0.2603E-82  0.4500E+03
   3.880  0.2603E-82  0.4500E+03
   3.910  0.2603E-82  0.4500E+03
   3.940  0.2603E-82  0.4500E+03
   3.970  0.2603E-82  0.4500E+03
   4.000  0.2603E-82  0.4500E+03
   4.030  0.2603E-82  0.4500E+03
   4.060  0.2603E-82  0.4500E+03
   4.090  0.2603E-82  0.4500E+03
   4.120  0.2603E-82  0.4500E+03
   4.150  0.2603E-82  0.4500E+03
   4.180  0.2603E-82  0.4500E+03
   4.210  0.2603E-82  0.4500E+03
   4.240  0.2603E-82  0.4500E+03
   4.270  0.2603E-82  0.4500E+03
   4.300  0.2603E-82  0.4500E+03
   4.330  0.2603E-82  0.4500E+03
   4.360  0.2603E-82  0.4500E+03
   4.390  0.2603E-82  0.4500E+03
   4.420  0.2603E-82  0.4500E+03
   4.450  0.2603E-82  0.4500E+03
   4.480  0.2603E-82  0.4500E+03
   4.510  0.2603E-82  0.4500E+03
   4.540  0.2603E-82  0.4500E+03
   4.570  0.2603E-82  0.4500E+03
   4.600  0.2603E-82  0.4500E+03
   4.630  0.2603E-82  0.4500E+03
   4.660  0.2603E-82  0.4500E+03
   4.690  0.2603E-82  0.4500E+03
   4.720  0.2603E-82  0.4500E+03
   4.750  0.2603E-82  0.4500E+03
   4.780  0.2603E-82  0.4500E+03
   4.810  0.2603E-82  0.4500E+03
   4.840  0.2603E-82  0.4500E+03
   4.870  0.2603E-82  0.4500E+03
   4.900  0.2603E-82  0.4500E+03
   4.930  0.2603E-82  0.4500E+03
   4.960  0.2603E-82  0.4500E+03
   4.990  0.2603E-82  0.4500E+03
   5.020  0.2603E-82  0.4500E+03
   5.050  0.2603E-82  0.4500E+03
   5.080  0.2603E-82  0.4500E+03
   5.110  0.2603E-82  0.4500E+03
   5.140  0.2603E-82  0.4500E+03
   5.170  0.2603E-82  0.4500E+03
   5.200  0.2603E-82  0.4500E+03
   5.230  0.2603E-82  0.4500E+03
   5.260  0.2603E-82  0.4500E+03
   5.290  0.2603E-82  0.4500E+03
   5.320  0.2603E-82  0.4500E+03
   5.350  0.2603E-82  0.4500E+03
   5.380  0.2603E-82  0.4500E+03
   5.410  0.2603E-82  0.4500E+03
   5.440  0.2603E-82  0.4500E+03
   5.470  0.2603E-82  0.4500E+03
   5.500  0.2603E-82  0.4500E+03
   5.530  0.2603E-82  0.4500E+03
   5.560  0.2603E-82  0.4500E+03
   5.590  0.2603E-82  0.4500E+03
   5.620  0.2603E-82  0.4500E+03
   5.650  0.2603E-82  0.4500E+03
   5.680  0.2603E-82  0.4500E+03
   5.710  0.2603E-82  0.4500E+03
   5.740  0.2603E-82  0.4500E+03
   5.770  0.2603E-82  0.4500E+03
   5.800  0.2603E-82  0.4500E+03
   5.830  0.2603E-82  0.4500E+03
   5.860  0.2603E-82  0.4500E+03
   5.890  0.2603E-82  0.4500E+03
   5.920  0.2603E-82  0.4500E+03
   5.950  0.2603E-82  0.4500E+03
   5.980  0.2603E-82  0.4500E+03
   6.010  0.2603E-82  0.4500E+03
   6.040  0.2603E-82  0.4500E+03
   6.070  0.2603E-82  0.4500E+03
   6.100  0.2603E-82  0.4500E+03
   6.130  0.2603E-82  0.4500E+03
   6.160  0.2603E-82  0.4500E+03
   6.190  0.2603E-82  0.4500E+03
   6.220  0.2603E-82  0.4500E+03
   6.250  0.2603E-82  0.4500E+03
   6.280  0.2603E-82  0.4500E+03
   6.310  0.2603E-82  0.4500E+03
   6.340  0.2603E-82  0.4500E+03
   6.370  0.2603E-82  0.4500E+03
   6.400  0.2603E-82  0.4500E+03
   6.430  0.2603E-82  0.4500E+03
   6.460  0.2603E-82  0.4500E+03
   6.490  0.2603E-82  0.4500E+03
   6.520  0.2603E-82  0.4500E+03
   6.550  0.2603E-82  0.4500E+03
   6.580  0.2603E-82  0.4500E+03
   6.610  0.2603E-82  0.4500E+03
   6.640  0.2603E-82  0.4500E+03
   6.670  0.2603E-82  0.4500E+03
   6.700  0.2603E-82  0.4500E+03
   6.730  0.2603E-82  0.4500E+03
   6.760  0.2603E-82  0.4500E+03
   6.790  0.2603E-82  0.4500E+03
   6.820  0.2603E-82  0.4500E+03
   6.850  0.2603E-82  0.4500E+03
   6.880  0.2603E-82  0.4500E+03
   6.910  0.2603E-82  0.4500E+03
   6.940  0.2603E-82  0.4500E+03
   6.970  0.2603E-82  0.4500E+03
   7.000  0.2603E-82  0.4500E+03
   7.030  0.2603E-82  0.4500E+03
   7.060  0.2603E-82  0.4500E+03
   7.090  0.2603E-82  0.4500E+03
   7.120  0.2603E-82  0.4500E+03
   7.150  0.2603E-82  0.4500E+03
   7.180  0.2603E-82  0.4500E+03
   7.210  0.2603E-82  0.4500E+03
   7.240  0.2603E-82  0.4500E+03
   7.270  0.2603E-82  0.4500E+03
   7.300  0.2603E-82  0.4500E+03
   7.330  0.2603E-82  0.4500E+03
   7.360  0.2603E-82  0.4500E+03
   7.390  0.2603E-82  0.4500E+03
   7.420  0.2603E-82  0.4500E+03
   7.450  0.2603E-82  0.4500E+03
   7.480  0.2603E-82  0.4500E+03
   7.510  0.2603E-82  0.4500E+03
   7.540  0.2603E-82  0.4500E+03
   7.570  0.2603E-82  0.4500E+03
   7.600  0.2603E-82  0.4500E+03
   7.630  0.2603E-82  0.4500E+03
   7.660  0.2603E-82  0.4500E+03
   7.690  0.2603E-82  0.4500E+03
   7.720  0.2603E-82  0.4500E+03
   7.750  0.2603E-82  0.4500E+03
   7.780  0.2603E-82  0.4500E+03
   7.810  0.2603E-82  0.4500E+03
   7.840  0.2603E-82  0.4500E+03
   7.870  0.2603E-82  0.4500E+03
   7.900  0.2603E-82  0.4500E+03
   7.930  0.2603E-82  0.4500E+03
   7.960  0.2603E-82  0.4500E+03
   7.990  0.2603E-82  0.4500E+03
   8.020  0.2603E-82  0.4500E+03
   8.050  0.2603E-82  0.4500E+03
   8.080  0.2603E-82  0.4500E+03
   8.110  0.2603E-82  0.4500E+03
   8.140  0.2603E-82  0.4500E+03
   8.170  0.2603E-82  0.4500E+03
   8.200  0.2603E-82  0.4500E+03
   8.230  0.2603E-82  0.4500E+03
   8.260  0.2603E-82  0.4500E+03
   8.290  0.2603E-82  0.4500E+03
   8.320  0.2603E-82  0.4500E+03
   8.350  0.2603E-82  0.4500E+03
   8.380  0.2603E-82  0.4500E+03
   8.410  0.2603E-82  0.4500E+03
   8.440  0.2603E-82  0.4500E+03
   8.470  0.2603E-82  0.4500E+03
   8.500  0.2603E-82  0.4500E+03
   8.530  0.2603E-82  0.4500E+03
   8.560  0.2603E-82  0.4500E+03
   8.590  0.2603E-82  0.4500E+03
   8.620  0.2603E-82  0.4500E+03
   8.650  0.2603E-82  0.4500E+03
   8.680  0.2603E-82  0.4500E+03
   8.710  0.2603E-82  0.4500E+03
   8.740  0.2603E-82  0.4500E+03
   8.770  0.2603E-82  0.4500E+03
   8.800  0.2603E-82  0.4500E+03
   8.830  0.2603E-82  0.4500E+03
   8.860  0.2603E-82  0.4500E+03
   8.890  0.2603E-82  0.4500E+03
   8.920  0.2603E-82  0.4500E+03
   8.950  0.2603E-82  0.4500E+03
   8.980  0.2603E-82  0.4500E+03
   9.010  0.2603E-82  0.4500E+03
   9.040  0.2603E-82  0.4500E+03
   9.070  0.2603E-82  0.4500E+03
   9.100  0.2603E-82  0.4500E+03
   9.130  0.2603E-82  0.4500E+03
   9.160  0.2603E-82  0.4500E+03
   9.190  0.2603E-82  0.4500E+03
   9.220  0.2603E-82  0.4500E+03
   9.250  0.2603E-82  0.4500E+03
   9.280  0.2603E-82  0.4500E+03
   9.310  0.2603E-82  0.4500E+03
   9.340  0.2603E-82  0.4500E+03
   9.370  0.2603E-82  0.4500E+03
   9.400  0.2603E-82  0.4500E+03
   9.430  0.2603E-82  0.4500E+03
   9.460  0.2603E-82  0.4500E+03
   9.490  0.2603E-82  0.4500E+03
   9.520  0.2603E-82  0.4500E+03
   9.550  0.2603E-82  0.4500E+03
   9.580  0.2603E-82  0.4500E+03
   9.610  0.2603E-82  0.4500E+03
   9.640  0.2603E-82  0.4500E+03
   9.670  0.2603E-82  0.4500E+03
   9.700  0.2603E-82  0.4500E+03
   9.730  0.2603E-82  0.4500E+03
   9.760  0.2603E-82  0.4500E+03
   9.790  0.2603E-82  0.4500E+03
   9.820  0.2603E-82  0.4500E+03
   9.850  0.2603E-82  0.4500E+03
   9.880  0.2603E-82  0.4500E+03
   9.910  0.2603E-82  0.4500E+03
   9.940  0.2603E-82  0.4500E+03
   9.970  0.2603E-82  0.4500E+03
  10.000  0.2603E-82  0.4500E+03
  10.030  0.2603E-82  0.4500E+03
  10.060  0.2603E-82  0.4500E+03
  10.090  0.2603E-82  0.4500E+03
  10.120  0.2603E-82  0.4500E+03
  10.150  0.2603E-82  0.4500E+03
  10.180  0.2603E-82  0.4500E+03
  10.210  0.2603E-82  0.4500E+03
  10.240  0.2603E-82  0.4500E+03
  10.270  0.2603E-82  0.4500E+03
  10.300  0.2603E-82  0.4500E+03
  10.330  0.2603E-82  0.4500E+03
  10.360  0.2603E-82  0.4500E+03
  10.390  0.2603E-82  0.4500E+03
  10.420  0.2603E-82  0.4500E+03
  10.450  0.2603E-82  0.4500E+03
  10.480  0.2603E-82  0.4500E+03
  10.510  0.2603E-82  0.4500E+03
  10.540  0.2603E-82  0.4500E+03
  10.570  0.2603E-82  0.4500E+03
  10.600  0.2603E-82  0.4500E+03
  10.630  0.2603E-82  0.4500E+03
  10.660  0.2603E-82  0.4500E+03
  10.690  0.2603E-82  0.4500E+03
  10.720  0.2603E-82  0.4500E+03
  10.750  0.2603E-82  0.4500E+03
  10.780  0.2603E-82  0.4500E+03
  10.810  0.2603E-82  0.4500E+03
  10.840  0.2603E-82  0.4500E+03
  10.870  0.2603E-82  0.4500E+03
  10.900  0.2603E-82  0.4500E+03
  10.930  0.2603E-82  0.4500E+03
  10.960  0.2603E-82  0.4500E+03
  10.990  0.2603E-82  0.4500E+03
  11.020  0.2603E-82  0.4500E+03
  11.050  0.2603E-82  0.4500E+03
  11.080  0.2603E-82  0.4500E+03
  11.110  0.2603E-82  0.4500E+03
  11.140  0.2603E-82  0.4500E+03
  11.170  0.2603E-82  0.4500E+03
  11.200  0.2603E-82  0.4500E+03
  11.230  0.2603E-82  0.4500E+03
  11.260  0.2603E-82  0.4500E+03
  11.290  0.2603E-82  0.4500E+03
  11.320  0.2603E-82  0.4500E+03
  11.350  0.2603E-82  0.4500E+03
  11.380  0.2603E-82  0.4500E+03
  11.410  0.2603E-82  0.4500E+03
  11.440  0.2603E-82  0.4500E+03
  11.470  0.2603E-82  0.4500E+03
  11.500  0.2603E-82  0.4500E+03
  11.530  0.2603E-82  0.4500E+03
  11.560  0.2603E-82  0.4500E+03
  11.590  0.2603E-82  0.4500E+03
  11.620  0.2603E-82  0.4500E+03
  11.650  0.2603E-82  0.4500E+03
  11.680  0.2603E-82  0.4500E+03
  11.710  0.2603E-82  0.4500E+03
  11.740  0.2603E-82  0.4500E+03
  11.770  0.2603E-82  0.4500E+03
  11.800  0.2603E-82  0.4500E+03
  11.830  0.2603E-82  0.4500E+03
  11.860  0.2603E-82  0.4500E+03
  11.890  0.2603E-82  0.4500E+03
  11.920  0.2603E-82  0.4500E+03
  11.950  0.2603E-82  0.4500E+03
  11.980  0.2603E-82  0.4500E+03
  12.010  0.2603E-82  0.4500E+03
  12.040  0.2603E-82  0.4500E+03
  12.070  0.2603E-82  0.4500E+03
  12.100  0.2603E-82  0.4500E+03
  12.130  0.2603E-82  0.4500E+03
  12.160  0.2603E-82  0.4500E+03
  12.190  0.2603E-82  0.4500E+03
  12.220  0.2603E-82  0.4500E+03
  12.250  0.2603E-82  0.4500E+03
  12.280  0.2603E-82  0.4500E+03
  12.310  0.2603E-82  0.4500E+03
  12.340  0.2603E-82  0.4500E+03
  12.370  0.2603E-82  0.4500E+03
  12.400  0.2603E-82  0.4500E+03
  12.430  0.2603E-82  0.4500E+03
  12.460  0.2603E-82  0.4500E+03
  12.490  0.2603E-82  0.4500E+03
  12.520  0.2603E-82  0.4500E+03
  12.550  0.2603E-82  0.4500E+03
  12.580  0.2603E-82  0.4500E+03
  12.610  0.2603E-82  0.4500E+03
  12.640  0.2603E-82  0.4500E+03
  12.670  0.2603E-82  0.4500E+03
  12.700  0.2603E-82  0.4500E+03
  12.730  0.2603E-82  0.4500E+03
  12.760  0.2603E-82  0.4500E+03
  12.790  0.2603E-82  0.4500E+03
  12.820  0.2603E-82  0.4500E+03
  12.850  0.2603E-82  0.4500E+03
  12.880  0.2603E-82  0.4500E+03
  12.910  0.2603E-82  0.4500E+03
  12.940  0.2603E-82  0.4500E+03
  12.970  0.2603E-82  0.4500E+03
  13.000  0.2603E-82  0.4500E+03
  13.030  0.2603E-82  0.4500E+03
  13.060  0.2603E-82  0.4500E+03
  13.090  0.2603E-82  0.4500E+03
  13.120  0.2603E-82  0.4500E+03
  13.150  0.2603E-82  0.4500E+03
  13.180  0.2603E-82  0.4500E+03
  13.210  0.2603E-82  0.4500E+03
  13.240  0.2603E-82  0.4500E+03
  13.270  0.2603E-82  0.4500E+03
  13.300  0.2603E-82  0.4500E+03
  13.330  0.2603E-82  0.4500E+03
  13.360  0.2603E-82  0.4500E+03
  13.390  0.2603E-82  0.4500E+03
  13.420  0.2603E-82  0.4500E+03
  13.450  0.2603E-82  0.4500E+03
  13.480  0.2603E-82  0.4500E+03
  13.510  0.2603E-82  0.4500E+03
  13.540  0.2603E-82  0.4500E+03
  13.570  0.2603E-82  0.4500E+03
  13.600  0.2603E-82  0.4500E+03
  13.630  0.2603E-82  0.4500E+03
  13.660  0.2603E-82  0.4500E+03
  13.690  0.2603E-82  0.4500E+03
  13.720  0.2603E-82  0.4500E+03
  13.750  0.2603E-82  0.4500E+03
  13.780  0.2603E-82  0.4500E+03
  13.810  0.2603E-82  0.4500E+03
  13.840  0.2603E-82  0.4500E+03
  13.870  0.2603E-82  0.4500E+03
  13.900  0.2603E-82  0.4500E+03
  13.930  0.2603E-82  0.4500E+03
  13.960  0.2603E-82  0.4500E+03
  13.990  0.2603E-82  0.4500E+03
  14.020  0.2603E-82  0.4500E+03
  14.050  0.2603E-82  0.4500E+03
  14.080  0.2603E-82  0.4500E+03
  14.110  0.2603E-82  0.4500E+03
  14.140  0.2603E-82  0.4500E+03
  14.170  0.2603E-82  0.4500E+03
  14.200  0.2603E-82  0.4500E+03
  14.230  0.2603E-82  0.4500E+03
  14.260  0.2603E-82  0.4500E+03
  14.290  0.2603E-82  0.4500E+03
  14.320  0.2603E-82  0.4500E+03
  14.350  0.2603E-82  0.4500E+03
  14.380  0.2603E-82  0.4500E+03
  14.410  0.2603E-82  0.4500E+03
  14.440  0.2603E-82  0.4500E+03
  14.470  0.2603E-82  0.4500E+03
  14.500  0.2603E-82  0.4500E+03
  14.530  0.2603E-82  0.4500E+03
  14.560  0.2603E-82  0.4500E+03
  14.590  0.2603E-82  0.4500E+03
  14.620  0.2603E-82  0.4500E+03
  14.650  0.2603E-82  0.4500E+03
  14.680  0.2603E-82  0.4500E+03
  14.710  0.2603E-82  0.4500E+03
  14.740  0.2603E-82  0.4500E+03
  14.770  0.2603E-82  0.4500E+03
  14.800  0.2603E-82  0.4500E+03
  14.830  0.2603E-82  0.4500E+03
  14.860  0.2603E-82  0.4500E+03
  14.890  0.2603E-82  0.4500E+03
  14.920  0.2603E-82  0.4500E+03
  14.950  0.2603E-82  0.4500E+03
  14.980  0.2603E-82  0.4500E+03
  15.010  0.2603E-82  0.4500E+03
  15.040  0.2603E-82  0.4500E+03
  15.070  0.2603E-82  0.4500E+03
  15.100  0.2603E-82  0.4500E+03
  15.130  0.2603E-82  0.4500E+03
  15.160  0.2603E-82  0.4500E+03
  15.190  0.2603E-82  0.4500E+03
  15.220  0.2603E-82  0.4500E+03
  15.250  0.2603E-82  0.4500E+03
  15.280  0.2603E-82  0.4500E+03
  15.310  0.2603E-82  0.4500E+03
  15.340  0.2603E-82  0.4500E+03
  15.370  0.2603E-82  0.4500E+03
  15.400  0.2603E-82  0.4500E+03
  15.430  0.2603E-82  0.4500E+03
  15.460  0.2603E-82  0.4500E+03
  15.490  0.2603E-82  0.4500E+03
  15.520  0.2603E-82  0.4500E+03
  15.550  0.2603E-82  0.4500E+03
  15.580  0.2603E-82  0.4500E+03
  15.610  0.2603E-82  0.4500E+03
  15.640  0.2603E-82  0.4500E+03
  15.670  0.2603E-82  0.4500E+03
  15.700  0.2603E-82  0.4500E+03
  15.730  0.2603E-82  0.4500E+03
  15.760  0.2603E-82  0.4500E+03
  15.790  0.2603E-82  0.4500E+03
  15.820  0.2603E-82  0.4500E+03
  15.850  0.2603E-82  0.4500E+03
  15.880  0.2603E-82  0.4500E+03
  15.910  0.2603E-82  0.4500E+03
  15.940  0.2603E-82  0.4500E+03
  15.970  0.2603E-82  0.4500E+03
  16.000  0.2603E-82  0.4500E+03
  16.030  0.2603E-82  0.4500E+03
  16.060  0.2603E-82  0.4500E+03
  16.090  0.2603E-82  0.4500E+03
  16.120  0.2603E-82  0.4500E+03
  16.150  0.2603E-82  0.4500E+03
  16.180  0.2603E-82  0.4500E+03
  16.210  0.2603E-82  0.4500E+03
  16.240  0.2603E-82  0.4500E+03
  16.270  0.2603E-82  0.4500E+03
  16.300  0.2603E-82  0.4500E+03
  16.330  0.2603E-82  0.4500E+03
  16.360  0.2603E-82  0.4500E+03
  16.390  0.2603E-82  0.4500E+03
  16.420  0.2603E-82  0.4500E+03
  16.450  0.2603E-82  0.4500E+03
  16.480  0.2603E-82  0.4500E+03
  16.510  0.2603E-82  0.4500E+03
  16.540  0.2603E-82  0.4500E+03
  16.570  0.2603E-82  0.4500E+03
  16.600  0.2603E-82  0.4500E+03
  16.630  0.2603E-82  0.4500E+03
  16.660  0.2603E-82  0.4500E+03
  16.690  0.2603E-82  0.4500E+03
  16.720  0.2603E-82  0.4500E+03
  16.750  0.2603E-82  0.4500E+03
  16.780  0.2603E-82  0.4500E+03
  16.810  0.2603E-82  0.4500E+03
  16.840  0.2603E-82  0.4500E+03
  16.870  0.2603E-82  0.4500E+03
  16.900  0.2603E-82  0.4500E+03
  16.930  0.2603E-82  0.4500E+03
  16.960  0.2603E-82  0.4500E+03
  16.990  0.2603E-82  0.4500E+03
  17.020  0.2603E-82  0.4500E+03
  17.050  0.2603E-82  0.4500E+03
  17.080  0.2603E-82  0.4500E+03
  17.110  0.2603E-82  0.4500E+03
  17.140  0.2603E-82  0.4500E+03
  17.170  0.2603E-82  0.4500E+03
  17.200  0.2603E-82  0.4500E+03
  17.230  0.2603E-82  0.4500E+03
  17.260  0.2603E-82  0.4500E+03
  17.290  0.2603E-82  0.4500E+03
  17.320  0.2603E-82  0.4500E+03
  17.350  0.2603E-82  0.4500E+03
  17.380  0.2603E-82  0.4500E+03
  17.410  0.2603E-82  0.4500E+03
  17.440  0.2603E-82  0.4500E+03
  17.470  0.2603E-82  0.4500E+03
  17.500  0.2603E-82  0.4500E+03
  17.530  0.2603E-82  0.4500E+03
  17.560  0.2603E-82  0.4500E+03
  17.590  0.2603E-82  0.4500E+03
  17.620  0.2603E-82  0.4500E+03
  17.650  0.2603E-82  0.4500E+03
  17.680  0.2603E-82  0.4500E+03
  17.710  0.2603E-82  0.4500E+03
  17.740  0.2603E-82  0.4500E+03
  17.770  0.2603E-82  0.4500E+03
  17.800  0.2603E-82  0.4500E+03
  17.830  0.2603E-82  0.4500E+03
  17.860  0.2603E-82  0.4500E+03
  17.890  0.2603E-82  0.4500E+03
  17.920  0.2603E-82  0.4500E+03
  17.950  0.2603E-82  0.4500E+03
  17.980  0.2603E-82  0.4500E+03
  18.010  0.2603E-82  0.4500E+03
  18.040  0.2603E-82  0.4500E+03
  18.070  0.2603E-82  0.4500E+03
  18.100  0.2603E-82  0.4500E+03
  18.130  0.2603E-82  0.4500E+03
  18.160  0.2603E-82  0.4500E+03
  18.190  0.2603E-82  0.4500E+03
  18.220  0.2603E-82  0.4500E+03
  18.250  0.2603E-82  0.4500E+03
  18.280  0.2603E-82  0.4500E+03
  18.310  0.2603E-82  0.4500E+03
  18.340  0.2603E-82  0.4500E+03
  18.370  0.2603E-82  0.4500E+03
  18.400  0.2603E-82  0.4500E+03
  18.430  0.2603E-82  0.4500E+03
  18.460  0.2603E-82  0.4500E+03
  18.490  0.2603E-82  0.4500E+03
  18.520  0.2603E-82  0.4500E+03
  18.550  0.2603E-82  0.4500E+03
  18.580  0.2603E-82  0.4500E+03
  18.610  0.2603E-82  0.4500E+03
  18.640  0.2603E-82  0.4500E+03
  18.670  0.2603E-82  0.4500E+03
  18.700  0.2603E-82  0.4500E+03
  18.730  0.2603E-82  0.4500E+03
  18.760  0.2603E-82  0.4500E+03
  18.790  0.2603E-82  0.4500E+03
  18.820  0.2603E-82  0.4500E+03
  18.850  0.2603E-82  0.4500E+03
  18.880  0.2603E-82  0.4500E+03
  18.910  0.2603E-82  0.4500E+03
  18.940  0.2603E-82  0.4500E+03
  18.970  0.2603E-82  0.4500E+03
  19.000  0.2603E-82  0.4500E+03
  19.030  0.2603E-82  0.4500E+03
  19.060  0.2603E-82  0.4500E+03
  19.090  0.2603E-82  0.4500E+03
  19.120  0.2603E-82  0.4500E+03
  19.150  0.2603E-82  0.4500E+03
  19.180  0.2603E-82  0.4500E+03
  19.210  0.2603E-82  0.4500E+03
  19.240  0.2603E-82  0.4500E+03
  19.270  0.2603E-82  0.4500E+03
  19.300  0.2603E-82  0.4500E+03
  19.330  0.2603E-82  0.4500E+03
  19.360  0.2603E-82  0.4500E+03
  19.390  0.2603E-82  0.4500E+03
  19.420  0.2603E-82  0.4500E+03
  19.450  0.2603E-82  0.4500E+03
  19.480  0.2603E-82  0.4500E+03
  19.510  0.2603E-82  0.4500E+03
  19.540  0.2603E-82  0.4500E+03
  19.570  0.2603E-82  0.4500E+03
  19.600  0.2603E-82  0.4500E+03
  19.630  0.2603E-82  0.4500E+03
  19.660  0.2603E-82  0.4500E+03
  19.690  0.2603E-82  0.4500E+03
  19.720  0.2603E-82  0.4500E+03
  19.750  0.2603E-82  0.4500E+03
  19.780  0.2603E-82  0.4500E+03
  19.810  0.2603E-82  0.4500E+03
  19.840  0.2603E-82  0.4500E+03
  19.870  0.2603E-82  0.4500E+03
  19.900  0.2603E-82  0.4500E+03
  19.930  0.2603E-82  0.4500E+03
  19.960  0.2603E-82  0.4500E+03
  19.990  0.2603E-82  0.4500E+03
