Atoms:  8  Mode #:  1 Freq: -0.22040748700547308 cm-1,Mass weighted displacment dq is: 
 [-1.67370563e-01  6.44339068e-04  4.23413495e-01  2.74573764e-02 -1.38685779e-04  4.52913823e-01 -1.24905678e-01  1.15035890e-03  1.64692533e-01  1.26534436e-01  1.09381420e-03 -1.67112655e-01  1.66699310e-01  1.31254022e-03 -4.22520515e-01 -6.89381961e-02  1.23550835e-03 -1.96039911e-01  6.73130416e-02  1.53193098e-04  1.98307313e-01 -2.67821823e-02  1.66785399e-03 -4.53961573e-01]
Atoms:  8  Mode #:  2 Freq: -0.02605550160283568 cm-1,Mass weighted displacment dq is: 
 [-2.17557456e-01  4.18506204e-05 -2.78792225e-01 -2.17566047e-01  1.11820412e-04 -2.78713422e-01 -2.17514195e-01  5.08684391e-05 -2.78592314e-01 -2.17535445e-01  5.26283608e-05 -2.78564352e-01 -2.17586046e-01  6.08562400e-05 -2.78721202e-01 -2.17511660e-01  4.48912908e-05 -2.78777945e-01 -2.17522925e-01  5.76458177e-05 -2.78810746e-01 -2.17561956e-01 -8.61892059e-06 -2.78637888e-01]
Atoms:  8  Mode #:  3 Freq: -0.016167360094884883 cm-1,Mass weighted displacment dq is: 
 [ 5.76000644e-04  3.53536692e-01 -1.10535011e-03  5.95389151e-05  3.53537219e-01 -1.18485886e-03  4.47749310e-04  3.53566251e-01 -4.62682779e-04 -1.70660835e-04  3.53566218e-01  3.79548317e-04 -2.92263275e-04  3.53534493e-01  1.01377488e-03  3.06499704e-04  3.53570987e-01  4.50075032e-04 -2.00589531e-05  3.53573962e-01 -5.45119999e-04  2.20309224e-04  3.53532092e-01  1.09822227e-03]
Atoms:  8  Mode #:  4 Freq: -0.008441382990802897 cm-1,Mass weighted displacment dq is: 
 [-2.78773335e-01 -9.59291579e-05  2.17470667e-01 -2.78657348e-01  7.68877683e-06  2.17696947e-01 -2.78580721e-01  8.01914389e-06  2.17832807e-01 -2.78563295e-01  2.68725334e-04  2.17809881e-01 -2.78749911e-01  3.73197710e-04  2.17412388e-01 -2.78816463e-01  1.43712624e-04  2.17235500e-01 -2.78807207e-01  1.33702593e-04  2.17262435e-01 -2.78660728e-01  2.69214943e-04  2.17634914e-01]
Atoms:  8  Mode #:  5 Freq: 0.5522605488662523 cm-1,Mass weighted displacment dq is: 
 [ 0.09670761  0.32814205  0.1158657  -0.0971466   0.22219115 -0.11561446 -0.23432657  0.16691142 -0.27931093 -0.23431821 -0.16691126 -0.27932263  0.09671804 -0.32814254  0.11583591  0.23380629 -0.06105968  0.27962126  0.23381113  0.06105913  0.27963477 -0.09714937 -0.22219114 -0.11564629]
Atoms:  8  Mode #:  6 Freq: 0.7304541872907278 cm-1,Mass weighted displacment dq is: 
 [ 0.09586302  0.09333522 -0.13994287 -0.09616068  0.25880539  0.14291034 -0.23297317 -0.00982584  0.34209011 -0.23210271  0.00982823  0.34094142  0.09701812 -0.09333599 -0.14286992  0.23253095 -0.15562791 -0.34209071  0.23300293  0.15562487 -0.34072616 -0.09634985 -0.25880598  0.1397714 ]
Atoms:  8  Mode #:  7 Freq: 73.06160093457846 cm-1,Mass weighted displacment dq is: 
 [ 0.27950966 -0.05990952 -0.20791016 -0.20114072 -0.06009113 -0.28459753 -0.0984365  -0.24319685  0.23653588 -0.09868548  0.24351772  0.23687307  0.27988535  0.06010193 -0.20822563  0.01978991  0.24318776  0.25556785  0.01992115 -0.2435083   0.25596457 -0.20088153  0.05989833 -0.2841778 ]
Atoms:  8  Mode #:  8 Freq: 73.12934940867787 cm-1,Mass weighted displacment dq is: 
 [-0.25149782  0.12962278  0.21197865 -0.17285604 -0.12940035 -0.27990293  0.16736862  0.21494705 -0.22607038 -0.16722101  0.21458433  0.22571691  0.25108117  0.12953166 -0.21166826 -0.08860432 -0.21507561 -0.26641438  0.08857401 -0.21471216  0.26603211  0.17315544 -0.12949109  0.28032796]
Atoms:  8  Mode #:  9 Freq: 136.49255865375446 cm-1,Mass weighted displacment dq is: 
 [ 0.08947602 -0.27718565  0.20027734 -0.14773914 -0.27707331  0.16262517 -0.24483018 -0.11969648 -0.22500457 -0.24468356  0.11999393 -0.22517784  0.08973862  0.27706754  0.20051539  0.30275371  0.11987416 -0.13785696  0.30266831 -0.12017204 -0.13806658 -0.14741587  0.27719181  0.16247888]
Atoms:  8  Mode #: 10 Freq: 136.5591341006356 cm-1,Mass weighted displacment dq is: 
 [-0.24815414 -0.11123042 -0.22602114 -0.30600589  0.11136425  0.13763071 -0.13861425  0.28069934  0.16442746  0.13887366  0.2805721  -0.16419036  0.24805887 -0.11152385  0.22581     0.08072214 -0.28053246  0.19949499 -0.08104248 -0.28040572 -0.19934917  0.30616215  0.11107062 -0.13780228]
Atoms:  8  Mode #: 11 Freq: 186.1622167119705 cm-1,Mass weighted displacment dq is: 
 [ 0.21144751  0.19496669 -0.08780742 -0.17340809  0.19523606 -0.14860755 -0.2380122  -0.19474349  0.25475741  0.23784326 -0.19493451 -0.25490149 -0.21121569  0.19515631  0.08756097 -0.14715555 -0.19524913 -0.31618985  0.14694973 -0.19543823  0.31627441  0.17355096  0.19504699  0.14891347]
Atoms:  8  Mode #: 12 Freq: 186.17100686220257 cm-1,Mass weighted displacment dq is: 
 [-0.23808257  0.19515568  0.25458467 -0.14719224 -0.19478623 -0.31626132  0.17370511 -0.19532861  0.14908458  0.17393403  0.19514354  0.14883924 -0.23829263 -0.19496755  0.25467055  0.21145481 -0.19473367 -0.08755388  0.211599    0.19453971 -0.0872452  -0.14702667  0.19497713 -0.3161198 ]
Atoms:  8  Mode #: 13 Freq: 212.54699714818278 cm-1,Mass weighted displacment dq is: 
 [ 0.3186569  -0.1246642  -0.08901189  0.27531387  0.12435676  0.18370137  0.14471608  0.30089022 -0.11693649 -0.14471597  0.30088577  0.1169357  -0.31865171 -0.12466049  0.08900965 -0.10111102 -0.30057739 -0.15577932  0.10110522 -0.30057943  0.15578207 -0.27531328  0.12435554 -0.18369801]
Atoms:  8  Mode #: 14 Freq: 229.08924383218883 cm-1,Mass weighted displacment dq is: 
 [-0.32251921  0.13511244 -0.05145961  0.32263346  0.13527709  0.05148175 -0.13374321 -0.32623602 -0.02127629 -0.13374262  0.32623836 -0.02127619 -0.32252224 -0.1351116  -0.05145923  0.13363469  0.32703602  0.02128013  0.13363443 -0.32703855  0.02128142  0.32263154 -0.13527774  0.05148109]
Atoms:  8  Mode #: 15 Freq: 245.34866427053447 cm-1,Mass weighted displacment dq is: 
 [ 0.3849537  -0.2022962   0.13758201 -0.40866464 -0.20242535  0.01109052 -0.00808604  0.2021034   0.03030385  0.00796992  0.20235256 -0.03037017 -0.38483328 -0.20229605 -0.13754307  0.00154909  0.20229883 -0.0315083  -0.00167976  0.20254814  0.03153467  0.40879094 -0.2024251  -0.01108937]
Atoms:  8  Mode #: 16 Freq: 245.4076744334767 cm-1,Mass weighted displacment dq is: 
 [ 0.19461031  0.00335632  0.06270122  0.20523587 -0.00331795  0.00102825 -0.18830996 -0.40187928 -0.10621284 -0.18831314  0.40175468 -0.10619478  0.19484887 -0.0032315   0.06278666 -0.21159679 -0.40166799  0.04236035 -0.21159437  0.40154276  0.04234111  0.20498197  0.003443    0.00103491]
Atoms:  8  Mode #: 17 Freq: 359.27269254492717 cm-1,Mass weighted displacment dq is: 
 [ 0.13355086  0.32682122  0.02122084  0.13346526 -0.32692842  0.02131156 -0.32233168  0.13535205 -0.05106994  0.3223318   0.1353504   0.05107023 -0.13354834  0.32682148 -0.02121878  0.32245762 -0.13524415  0.05153797 -0.32245927 -0.13524453 -0.05153934 -0.13346625 -0.32692828 -0.02131246]
Atoms:  8  Mode #: 18 Freq: 392.3189021004816 cm-1,Mass weighted displacment dq is: 
 [ 0.15156433  0.42183672 -0.01944146  0.13781528 -0.42172667  0.06570952 -0.16071152  0.12838158  0.07968298 -0.16142788 -0.12863807  0.07949374  0.15136891 -0.42158245 -0.01965956 -0.12800328  0.12816825 -0.12569619 -0.12874447 -0.12842487 -0.12574054  0.13806768  0.42198557  0.06556645]
Atoms:  8  Mode #: 19 Freq: 392.40242102128855 cm-1,Mass weighted displacment dq is: 
 [ 0.11038248  0.14635485  0.1228441  -0.14340609  0.147309    0.08268371  0.40974492 -0.14701269  0.10819012 -0.40946272 -0.14678537 -0.10832991 -0.11064573  0.14709265 -0.12280853  0.42321844 -0.14683898  0.0242189  -0.42299553 -0.14661446 -0.02400007  0.14316428  0.14656858 -0.08279827]
Atoms:  8  Mode #: 20 Freq: 453.2817040436731 cm-1,Mass weighted displacment dq is: 
 [-0.1969323  -0.21166955 -0.20318757  0.25087293 -0.21072587 -0.13334459 -0.23563989  0.22702808  0.13521255 -0.23535695 -0.22703353  0.13542503 -0.19691089  0.21134636 -0.20335587  0.18174349 -0.22637521  0.20113301  0.181389    0.22639092  0.20127071  0.25082975  0.21103879 -0.13317029]
Atoms:  8  Mode #: 21 Freq: 453.3499443276314 cm-1,Mass weighted displacment dq is: 
 [-0.01605628 -0.30991967  0.17033389  0.03850739  0.30901432 -0.16760825 -0.27881172 -0.01013245 -0.21501824  0.2790611  -0.00989344  0.21487444  0.01625522 -0.31014114 -0.17013429  0.33307004  0.01125159 -0.12001119 -0.33325358  0.01102345  0.11980862 -0.03877215  0.30879882  0.16775503]
Atoms:  8  Mode #: 22 Freq: 462.13226968869503 cm-1,Mass weighted displacment dq is: 
 [-0.0983575   0.15579313 -0.38100545 -0.2104557  -0.15677141  0.33096276  0.1776307  -0.15602589 -0.12220427  0.17741369  0.1563571  -0.12301751 -0.09808206 -0.15611169 -0.38063386  0.13157217 -0.1566629   0.17199156  0.13113375  0.15699266  0.17269048 -0.21083069  0.15642899  0.33121561]
Atoms:  8  Mode #: 23 Freq: 462.17432723452106 cm-1,Mass weighted displacment dq is: 
 [ 0.13093552  0.1553944   0.17269649 -0.17750323  0.15724987  0.12194523 -0.09909708 -0.15626028 -0.38069652  0.0994654  -0.15593617  0.38044101 -0.13114999  0.15507229 -0.17351053 -0.21053317 -0.15671857  0.33157934  0.21081737 -0.15637884 -0.33120705  0.1770652   0.15758702 -0.12124795]
Atoms:  8  Mode #: 24 Freq: 471.22554358353494 cm-1,Mass weighted displacment dq is: 
 [ 0.07462288 -0.05241096  0.34084042  0.17728132  0.05185924 -0.30126241  0.00210685  0.12787061  0.33099114 -0.0021075   0.12786874 -0.33099042 -0.07462549 -0.05240657 -0.34084157 -0.10362754 -0.12732156  0.31269314  0.10362917 -0.12731935 -0.31269102 -0.17727969  0.05185974  0.30126067]
