    VS2
19.837746257396415
52.28199497131034
52.57390079484479
52.69424759379149
53.02828345999842
54.39986271269002
76.92418621021676
77.86885569919262
77.94663353496904
82.38220983525453
82.43117359023015
83.20128011038412
83.90515528961703
107.93442374938112
108.21290046935603
111.23065848438665
111.26992974807992
112.23912234103761
116.94514810809336
117.66071238573033
119.16660748193131
120.39317022921958
121.13309757159685
122.05910602723773
123.24482118462352
123.92295093738635
124.34454227660726
125.87223830769376
126.03790889942647
126.4857294300166
126.5413856638252
126.92495987885977
128.36562846991671
129.47113885351467
130.07257627745813
132.02244476322605
132.20078154195886
132.50319754621128
135.87651034342397
137.6590582391564
138.5855411489251
138.6680623521608
139.41688499250725
143.3087932348671
143.91993342100963
145.6982604050335
145.80945751024504
145.98130690973736
146.06100915912552
146.45872186841345
147.20424207925
147.70977286498288
151.26494643533428
151.71296229449945
156.33086280993396
156.7692785621588
157.77635649148996
158.65278441648846
160.81075807940036
165.51882982523907
168.01989004444155
171.14825718666404
173.48613192783742
175.00056253578575
175.93242862309506
176.43028374376962
177.33343396150005
177.34969008998266
177.5246313164738
178.81335535631294
178.9874287286585
180.13795960275874
197.86208359811982
284.67824374998116
284.7202850326138
287.55240908089274
290.7416032582759
290.81650982093237
298.2956902553127
299.0391318324729
299.05302305050236
302.8222064932215
307.2275211724885
307.31266165868385
308.3743475121746
309.1070278024106
313.0727616784525
313.0838927749106
313.3077987355734
313.52288280896767
313.5252561402308
315.68079476542886
315.7239480099907
318.6397754817059
318.6551223028875
318.75305871729125
320.26166312302263
320.3350863333617
322.1777275991453
323.11098494397373
323.34100939650284
323.4918040680431
325.0469307713618
325.0738152438221
329.6578467285098
330.7339249745419
331.1831974106023
331.55941860637245
333.1912181257304
335.16156329791255
336.0542790661499
336.05861480763184
336.58089339691435
337.3547124314156
337.72201468818815
338.1672641876082
338.3306069894106
339.498144440343
339.50363082374736
340.03599522840267
340.41504172698666
340.650628097005
341.42397190221965
342.19583387474415
342.24954060875166
342.6551347773808
342.9483079165552
344.29901324455767
345.2651040807116
345.43243696117094
345.4916832407672
346.2698672357527
346.8763032818672
346.8983394182438
347.0196626685678
347.2955621904397
347.69129229758676
347.7953965443984
347.8900842932428
348.5772246054147
348.5865681545983
348.6744713317652
348.89192918143954
348.9242716845689
349.27565612123
349.3167817279741
350.25716639137704
350.42781779911763
350.5854970940395
351.80697773484803
352.02260204880486
352.22806335209714
352.9403762812706
352.96403014377034
353.3768618163962
354.37826109129514
354.9438708445986
355.017914823224
358.37799698454285
358.3836745116446
359.16953890822964
360.6499497074768
361.97500618299864
362.04993829857796
362.12877231014835
362.25548588214536
363.7063238326081
363.99321045394316
364.2547989643647
364.26638893416043
364.5732776750609
365.11433532120753
365.6578054334504
365.89890161231
366.04473002731305
366.22729202853384
366.75808426179464
367.0024149930892
367.5173734403947
369.5644358200068
370.37299406176425
370.46390817432297
372.0436358849592
374.06862597272317
376.6347805641253
378.5777674818737
389.0832815294062
389.4876065286186
390.7094883096624
390.8781050613113
393.1931276567129
394.0387420872477
395.4339231905887
395.603446811832
398.4343931378727
398.4580225674947
398.5477171403076
399.49486952436683
399.70864071327367
399.998756566635
400.77462298897535
401.1530977817832
402.38060815321916
403.1932656650346
403.9278009705752
404.17829381014985
404.383679323345
404.4797471654254
405.0323577505585
405.5110627740622
407.1005762755952
407.2980818387455
408.21533675826475
408.85448004796484
409.3781870359405
430.40574289740704
Done ... 
