  x             y         z
 -20.000  0.1692E-82  0.5075E-84
 -19.970  0.1692E-82  0.1015E-83
 -19.940  0.1692E-82  0.1523E-83
 -19.910  0.1692E-82  0.2030E-83
 -19.880  0.1692E-82  0.2538E-83
 -19.850  0.1692E-82  0.3045E-83
 -19.820  0.1692E-82  0.3553E-83
 -19.790  0.1692E-82  0.4060E-83
 -19.760  0.1692E-82  0.4568E-83
 -19.730  0.1692E-82  0.5075E-83
 -19.700  0.1692E-82  0.5583E-83
 -19.670  0.1692E-82  0.6090E-83
 -19.640  0.1692E-82  0.6598E-83
 -19.610  0.1692E-82  0.7105E-83
 -19.580  0.1692E-82  0.7613E-83
 -19.550  0.1692E-82  0.8120E-83
 -19.520  0.1692E-82  0.8628E-83
 -19.490  0.1692E-82  0.9135E-83
 -19.460  0.1692E-82  0.9643E-83
 -19.430  0.1692E-82  0.1015E-82
 -19.400  0.1692E-82  0.1066E-82
 -19.370  0.1692E-82  0.1117E-82
 -19.340  0.1692E-82  0.1167E-82
 -19.310  0.1692E-82  0.1218E-82
 -19.280  0.1692E-82  0.1269E-82
 -19.250  0.1692E-82  0.1320E-82
 -19.220  0.1692E-82  0.1370E-82
 -19.190  0.1692E-82  0.1421E-82
 -19.160  0.1692E-82  0.1472E-82
 -19.130  0.1692E-82  0.1523E-82
 -19.100  0.1692E-82  0.1573E-82
 -19.070  0.1692E-82  0.1624E-82
 -19.040  0.1692E-82  0.1675E-82
 -19.010  0.1692E-82  0.1726E-82
 -18.980  0.1692E-82  0.1776E-82
 -18.950  0.1692E-82  0.1827E-82
 -18.920  0.1692E-82  0.1878E-82
 -18.890  0.1692E-82  0.1929E-82
 -18.860  0.1692E-82  0.1979E-82
 -18.830  0.1692E-82  0.2030E-82
 -18.800  0.1692E-82  0.2081E-82
 -18.770  0.1692E-82  0.2132E-82
 -18.740  0.1692E-82  0.2182E-82
 -18.710  0.1692E-82  0.2233E-82
 -18.680  0.1692E-82  0.2284E-82
 -18.650  0.1692E-82  0.2335E-82
 -18.620  0.1692E-82  0.2385E-82
 -18.590  0.1692E-82  0.2436E-82
 -18.560  0.1692E-82  0.2487E-82
 -18.530  0.1692E-82  0.2538E-82
 -18.500  0.1692E-82  0.2588E-82
 -18.470  0.1692E-82  0.2639E-82
 -18.440  0.1692E-82  0.2690E-82
 -18.410  0.1692E-82  0.2741E-82
 -18.380  0.1692E-82  0.2791E-82
 -18.350  0.1692E-82  0.2842E-82
 -18.320  0.1692E-82  0.2893E-82
 -18.290  0.1692E-82  0.2944E-82
 -18.260  0.1692E-82  0.2994E-82
 -18.230  0.1692E-82  0.3045E-82
 -18.200  0.1692E-82  0.3096E-82
 -18.170  0.1692E-82  0.3147E-82
 -18.140  0.1692E-82  0.3197E-82
 -18.110  0.1692E-82  0.3248E-82
 -18.080  0.1692E-82  0.3299E-82
 -18.050  0.1692E-82  0.3350E-82
 -18.020  0.1692E-82  0.3400E-82
 -17.990  0.1692E-82  0.3451E-82
 -17.960  0.1692E-82  0.3502E-82
 -17.930  0.1692E-82  0.3553E-82
 -17.900  0.1692E-82  0.3603E-82
 -17.870  0.1692E-82  0.3654E-82
 -17.840  0.1692E-82  0.3705E-82
 -17.810  0.1692E-82  0.3756E-82
 -17.780  0.1692E-82  0.3806E-82
 -17.750  0.1692E-82  0.3857E-82
 -17.720  0.1692E-82  0.3908E-82
 -17.690  0.1692E-82  0.3959E-82
 -17.660  0.1692E-82  0.4009E-82
 -17.630  0.1692E-82  0.4060E-82
 -17.600  0.1692E-82  0.4111E-82
 -17.570  0.1692E-82  0.4162E-82
 -17.540  0.1692E-82  0.4212E-82
 -17.510  0.1692E-82  0.4263E-82
 -17.480  0.1692E-82  0.4314E-82
 -17.450  0.1692E-82  0.4365E-82
 -17.420  0.1692E-82  0.4415E-82
 -17.390  0.1692E-82  0.4466E-82
 -17.360  0.1692E-82  0.4517E-82
 -17.330  0.1692E-82  0.4568E-82
 -17.300  0.1692E-82  0.4618E-82
 -17.270  0.1692E-82  0.4669E-82
 -17.240  0.1692E-82  0.4720E-82
 -17.210  0.1692E-82  0.4771E-82
 -17.180  0.1692E-82  0.4821E-82
 -17.150  0.1692E-82  0.4872E-82
 -17.120  0.1692E-82  0.4923E-82
 -17.090  0.1692E-82  0.4974E-82
 -17.060  0.1692E-82  0.5024E-82
 -17.030  0.1692E-82  0.5075E-82
 -17.000  0.1692E-82  0.5126E-82
 -16.970  0.1692E-82  0.5177E-82
 -16.940  0.1692E-82  0.5227E-82
 -16.910  0.1692E-82  0.5278E-82
 -16.880  0.1692E-82  0.5329E-82
 -16.850  0.1692E-82  0.5380E-82
 -16.820  0.1692E-82  0.5430E-82
 -16.790  0.1692E-82  0.5481E-82
 -16.760  0.1692E-82  0.5532E-82
 -16.730  0.1692E-82  0.5583E-82
 -16.700  0.1692E-82  0.5633E-82
 -16.670  0.1692E-82  0.5684E-82
 -16.640  0.1692E-82  0.5735E-82
 -16.610  0.1692E-82  0.5786E-82
 -16.580  0.1692E-82  0.5836E-82
 -16.550  0.1692E-82  0.5887E-82
 -16.520  0.1692E-82  0.5938E-82
 -16.490  0.1692E-82  0.5989E-82
 -16.460  0.1692E-82  0.6039E-82
 -16.430  0.1692E-82  0.6090E-82
 -16.400  0.1692E-82  0.6141E-82
 -16.370  0.1692E-82  0.6192E-82
 -16.340  0.1692E-82  0.6242E-82
 -16.310  0.1692E-82  0.6293E-82
 -16.280  0.1692E-82  0.6344E-82
 -16.250  0.1692E-82  0.6395E-82
 -16.220  0.1692E-82  0.6445E-82
 -16.190  0.1692E-82  0.6496E-82
 -16.160  0.1692E-82  0.6547E-82
 -16.130  0.1692E-82  0.6598E-82
 -16.100  0.1692E-82  0.6648E-82
 -16.070  0.1692E-82  0.6699E-82
 -16.040  0.1692E-82  0.6750E-82
 -16.010  0.1692E-82  0.6801E-82
 -15.980  0.1692E-82  0.6851E-82
 -15.950  0.1692E-82  0.6902E-82
 -15.920  0.1692E-82  0.6953E-82
 -15.890  0.1692E-82  0.7004E-82
 -15.860  0.1692E-82  0.7054E-82
 -15.830  0.1692E-82  0.7105E-82
 -15.800  0.1692E-82  0.7156E-82
 -15.770  0.1692E-82  0.7207E-82
 -15.740  0.1692E-82  0.7257E-82
 -15.710  0.1692E-82  0.7308E-82
 -15.680  0.1692E-82  0.7359E-82
 -15.650  0.1692E-82  0.7410E-82
 -15.620  0.1692E-82  0.7460E-82
 -15.590  0.1692E-82  0.7511E-82
 -15.560  0.1692E-82  0.7562E-82
 -15.530  0.1692E-82  0.7613E-82
 -15.500  0.1692E-82  0.7663E-82
 -15.470  0.1692E-82  0.7714E-82
 -15.440  0.1692E-82  0.7765E-82
 -15.410  0.1692E-82  0.7816E-82
 -15.380  0.1692E-82  0.7866E-82
 -15.350  0.1692E-82  0.7917E-82
 -15.320  0.1692E-82  0.7968E-82
 -15.290  0.1692E-82  0.8019E-82
 -15.260  0.1692E-82  0.8069E-82
 -15.230  0.1692E-82  0.8120E-82
 -15.200  0.1692E-82  0.8171E-82
 -15.170  0.1713E-82  0.8222E-82
 -15.140  0.1325E-72  0.3975E-74
 -15.110  0.1034E-61  0.3102E-63
 -15.080  0.1092E-51  0.3276E-53
 -15.050  0.1561E-42  0.4683E-44
 -15.020  0.3020E-34  0.9059E-36
 -14.990  0.7906E-27  0.2372E-28
 -14.960  0.2801E-20  0.8403E-22
 -14.930  0.1343E-14  0.4030E-16
 -14.900  0.8717E-10  0.2615E-11
 -14.870  0.7655E-06  0.2297E-07
 -14.840  0.9099E-03  0.2732E-04
 -14.810  0.1464E+00  0.4418E-02
 -14.780  0.3186E+01  0.1000E+00
 -14.750  0.9388E+01  0.3816E+00
 -14.720  0.3743E+01  0.4939E+00
 -14.690  0.2500E+00  0.5014E+00
 -14.660  0.3600E+01  0.6094E+00
 -14.630  0.3652E+02  0.1705E+01
 -14.600  0.5023E+02  0.3212E+01
 -14.570  0.9360E+01  0.3493E+01
 -14.540  0.2363E+00  0.3500E+01
 -14.510  0.8086E-03  0.3500E+01
 -14.480  0.5382E-06  0.3500E+01
 -14.450  0.4220E-03  0.3500E+01
 -14.420  0.1484E+00  0.3504E+01
 -14.390  0.7111E+01  0.3718E+01
 -14.360  0.4640E+02  0.5110E+01
 -14.330  0.4125E+02  0.6347E+01
 -14.300  0.5066E+01  0.6499E+01
 -14.270  0.4653E+01  0.6639E+01
 -14.240  0.4001E+02  0.7839E+01
 -14.210  0.4752E+02  0.9265E+01
 -14.180  0.7658E+01  0.9494E+01
 -14.150  0.1675E+00  0.9499E+01
 -14.120  0.4969E-03  0.9499E+01
 -14.090  0.2000E-06  0.9499E+01
 -14.060  0.1094E-10  0.9499E+01
 -14.030  0.7746E-09  0.9499E+01
 -14.000  0.6712E-05  0.9499E+01
 -13.970  0.8068E-02  0.9500E+01
 -13.940  0.1358E+01  0.9540E+01
 -13.910  0.3230E+02  0.1051E+02
 -13.880  0.1095E+03  0.1380E+02
 -13.850  0.5311E+02  0.1539E+02
 -13.820  0.3883E+01  0.1550E+02
 -13.790  0.3842E+01  0.1562E+02
 -13.760  0.9491E+01  0.1590E+02
 -13.730  0.1045E+02  0.1622E+02
 -13.700  0.7070E+02  0.1834E+02
 -13.670  0.1003E+03  0.2135E+02
 -13.640  0.2107E+02  0.2198E+02
 -13.610  0.7926E+00  0.2200E+02
 -13.580  0.7086E+01  0.2222E+02
 -13.550  0.4649E+02  0.2361E+02
 -13.520  0.4399E+02  0.2493E+02
 -13.490  0.3757E+02  0.2606E+02
 -13.460  0.5390E+02  0.2768E+02
 -13.430  0.2964E+02  0.2856E+02
 -13.400  0.5179E+02  0.3012E+02
 -13.370  0.4512E+02  0.3147E+02
 -13.340  0.9615E+02  0.3436E+02
 -13.310  0.1081E+03  0.3760E+02
 -13.280  0.1209E+03  0.4122E+02
 -13.250  0.5540E+02  0.4289E+02
 -13.220  0.6364E+01  0.4308E+02
 -13.190  0.3926E+02  0.4426E+02
 -13.160  0.1021E+03  0.4732E+02
 -13.130  0.5134E+02  0.4886E+02
 -13.100  0.4608E+01  0.4900E+02
 -13.070  0.1012E+01  0.4903E+02
 -13.040  0.2113E+02  0.4966E+02
 -13.010  0.9469E+02  0.5250E+02
 -12.980  0.1921E+03  0.5827E+02
 -12.950  0.2206E+03  0.6488E+02
 -12.920  0.1923E+03  0.7065E+02
 -12.890  0.9866E+02  0.7361E+02
 -12.860  0.2796E+02  0.7445E+02
 -12.830  0.5504E+01  0.7462E+02
 -12.800  0.8366E+02  0.7712E+02
 -12.770  0.2861E+03  0.8571E+02
 -12.740  0.1765E+03  0.9100E+02
 -12.710  0.5585E+02  0.9268E+02
 -12.680  0.7142E+02  0.9482E+02
 -12.650  0.8102E+02  0.9725E+02
 -12.620  0.6606E+02  0.9923E+02
 -12.590  0.2424E+02  0.9996E+02
 -12.560  0.1402E+01  0.1000E+03
 -12.530  0.1115E-01  0.1000E+03
 -12.500  0.1210E-04  0.1000E+03
 -12.470  0.1787E-08  0.1000E+03
 -12.440  0.3595E-13  0.1000E+03
 -12.410  0.9845E-19  0.1000E+03
 -12.380  0.3669E-25  0.1000E+03
 -12.350  0.1860E-32  0.1000E+03
 -12.320  0.1282E-40  0.1000E+03
 -12.290  0.1201E-49  0.1000E+03
 -12.260  0.1528E-59  0.1000E+03
 -12.230  0.2640E-70  0.1000E+03
 -12.200  0.7879E-82  0.1000E+03
 -12.170  0.1692E-82  0.1000E+03
 -12.140  0.1692E-82  0.1000E+03
 -12.110  0.1692E-82  0.1000E+03
 -12.080  0.1692E-82  0.1000E+03
 -12.050  0.1692E-82  0.1000E+03
 -12.020  0.1692E-82  0.1000E+03
 -11.990  0.1692E-82  0.1000E+03
 -11.960  0.1692E-82  0.1000E+03
 -11.930  0.1692E-82  0.1000E+03
 -11.900  0.1692E-82  0.1000E+03
 -11.870  0.1692E-82  0.1000E+03
 -11.840  0.1692E-82  0.1000E+03
 -11.810  0.1692E-82  0.1000E+03
 -11.780  0.1692E-82  0.1000E+03
 -11.750  0.1692E-82  0.1000E+03
 -11.720  0.1692E-82  0.1000E+03
 -11.690  0.1692E-82  0.1000E+03
 -11.660  0.1692E-82  0.1000E+03
 -11.630  0.1692E-82  0.1000E+03
 -11.600  0.1692E-82  0.1000E+03
 -11.570  0.1692E-82  0.1000E+03
 -11.540  0.1692E-82  0.1000E+03
 -11.510  0.1692E-82  0.1000E+03
 -11.480  0.1692E-82  0.1000E+03
 -11.450  0.1692E-82  0.1000E+03
 -11.420  0.1692E-82  0.1000E+03
 -11.390  0.1692E-82  0.1000E+03
 -11.360  0.1692E-82  0.1000E+03
 -11.330  0.1692E-82  0.1000E+03
 -11.300  0.1692E-82  0.1000E+03
 -11.270  0.1692E-82  0.1000E+03
 -11.240  0.1692E-82  0.1000E+03
 -11.210  0.1692E-82  0.1000E+03
 -11.180  0.1692E-82  0.1000E+03
 -11.150  0.1692E-82  0.1000E+03
 -11.120  0.1692E-82  0.1000E+03
 -11.090  0.1692E-82  0.1000E+03
 -11.060  0.1692E-82  0.1000E+03
 -11.030  0.1692E-82  0.1000E+03
 -11.000  0.1692E-82  0.1000E+03
 -10.970  0.1692E-82  0.1000E+03
 -10.940  0.1692E-82  0.1000E+03
 -10.910  0.1692E-82  0.1000E+03
 -10.880  0.1692E-82  0.1000E+03
 -10.850  0.1692E-82  0.1000E+03
 -10.820  0.1692E-82  0.1000E+03
 -10.790  0.1692E-82  0.1000E+03
 -10.760  0.1692E-82  0.1000E+03
 -10.730  0.1692E-82  0.1000E+03
 -10.700  0.1692E-82  0.1000E+03
 -10.670  0.1692E-82  0.1000E+03
 -10.640  0.1692E-82  0.1000E+03
 -10.610  0.1692E-82  0.1000E+03
 -10.580  0.1692E-82  0.1000E+03
 -10.550  0.1692E-82  0.1000E+03
 -10.520  0.1692E-82  0.1000E+03
 -10.490  0.1692E-82  0.1000E+03
 -10.460  0.1692E-82  0.1000E+03
 -10.430  0.1692E-82  0.1000E+03
 -10.400  0.1692E-82  0.1000E+03
 -10.370  0.1692E-82  0.1000E+03
 -10.340  0.1692E-82  0.1000E+03
 -10.310  0.1692E-82  0.1000E+03
 -10.280  0.1692E-82  0.1000E+03
 -10.250  0.1692E-82  0.1000E+03
 -10.220  0.1692E-82  0.1000E+03
 -10.190  0.1692E-82  0.1000E+03
 -10.160  0.1692E-82  0.1000E+03
 -10.130  0.1692E-82  0.1000E+03
 -10.100  0.1692E-82  0.1000E+03
 -10.070  0.1692E-82  0.1000E+03
 -10.040  0.1692E-82  0.1000E+03
 -10.010  0.1692E-82  0.1000E+03
  -9.980  0.1692E-82  0.1000E+03
  -9.950  0.1692E-82  0.1000E+03
  -9.920  0.1692E-82  0.1000E+03
  -9.890  0.1692E-82  0.1000E+03
  -9.860  0.1692E-82  0.1000E+03
  -9.830  0.1692E-82  0.1000E+03
  -9.800  0.1692E-82  0.1000E+03
  -9.770  0.1692E-82  0.1000E+03
  -9.740  0.1692E-82  0.1000E+03
  -9.710  0.1692E-82  0.1000E+03
  -9.680  0.1692E-82  0.1000E+03
  -9.650  0.1692E-82  0.1000E+03
  -9.620  0.1692E-82  0.1000E+03
  -9.590  0.1692E-82  0.1000E+03
  -9.560  0.1692E-82  0.1000E+03
  -9.530  0.1692E-82  0.1000E+03
  -9.500  0.1692E-82  0.1000E+03
  -9.470  0.1692E-82  0.1000E+03
  -9.440  0.1692E-82  0.1000E+03
  -9.410  0.1692E-82  0.1000E+03
  -9.380  0.1692E-82  0.1000E+03
  -9.350  0.1692E-82  0.1000E+03
  -9.320  0.1692E-82  0.1000E+03
  -9.290  0.1692E-82  0.1000E+03
  -9.260  0.1692E-82  0.1000E+03
  -9.230  0.1692E-82  0.1000E+03
  -9.200  0.1692E-82  0.1000E+03
  -9.170  0.1692E-82  0.1000E+03
  -9.140  0.1692E-82  0.1000E+03
  -9.110  0.1692E-82  0.1000E+03
  -9.080  0.1692E-82  0.1000E+03
  -9.050  0.1692E-82  0.1000E+03
  -9.020  0.1692E-82  0.1000E+03
  -8.990  0.1692E-82  0.1000E+03
  -8.960  0.1692E-82  0.1000E+03
  -8.930  0.1692E-82  0.1000E+03
  -8.900  0.1692E-82  0.1000E+03
  -8.870  0.1692E-82  0.1000E+03
  -8.840  0.1692E-82  0.1000E+03
  -8.810  0.1692E-82  0.1000E+03
  -8.780  0.1692E-82  0.1000E+03
  -8.750  0.1692E-82  0.1000E+03
  -8.720  0.1692E-82  0.1000E+03
  -8.690  0.1692E-82  0.1000E+03
  -8.660  0.1692E-82  0.1000E+03
  -8.630  0.1692E-82  0.1000E+03
  -8.600  0.1692E-82  0.1000E+03
  -8.570  0.1692E-82  0.1000E+03
  -8.540  0.1692E-82  0.1000E+03
  -8.510  0.1692E-82  0.1000E+03
  -8.480  0.1692E-82  0.1000E+03
  -8.450  0.1692E-82  0.1000E+03
  -8.420  0.1692E-82  0.1000E+03
  -8.390  0.1692E-82  0.1000E+03
  -8.360  0.1692E-82  0.1000E+03
  -8.330  0.1692E-82  0.1000E+03
  -8.300  0.1692E-82  0.1000E+03
  -8.270  0.1692E-82  0.1000E+03
  -8.240  0.1692E-82  0.1000E+03
  -8.210  0.1692E-82  0.1000E+03
  -8.180  0.1692E-82  0.1000E+03
  -8.150  0.1692E-82  0.1000E+03
  -8.120  0.1692E-82  0.1000E+03
  -8.090  0.1692E-82  0.1000E+03
  -8.060  0.1692E-82  0.1000E+03
  -8.030  0.1692E-82  0.1000E+03
  -8.000  0.1692E-82  0.1000E+03
  -7.970  0.1692E-82  0.1000E+03
  -7.940  0.1692E-82  0.1000E+03
  -7.910  0.1692E-82  0.1000E+03
  -7.880  0.1692E-82  0.1000E+03
  -7.850  0.1692E-82  0.1000E+03
  -7.820  0.1692E-82  0.1000E+03
  -7.790  0.1692E-82  0.1000E+03
  -7.760  0.1692E-82  0.1000E+03
  -7.730  0.1692E-82  0.1000E+03
  -7.700  0.1692E-82  0.1000E+03
  -7.670  0.1692E-82  0.1000E+03
  -7.640  0.1692E-82  0.1000E+03
  -7.610  0.1692E-82  0.1000E+03
  -7.580  0.1692E-82  0.1000E+03
  -7.550  0.1692E-82  0.1000E+03
  -7.520  0.1692E-82  0.1000E+03
  -7.490  0.1692E-82  0.1000E+03
  -7.460  0.1692E-82  0.1000E+03
  -7.430  0.1692E-82  0.1000E+03
  -7.400  0.1692E-82  0.1000E+03
  -7.370  0.1692E-82  0.1000E+03
  -7.340  0.1692E-82  0.1000E+03
  -7.310  0.1692E-82  0.1000E+03
  -7.280  0.1692E-82  0.1000E+03
  -7.250  0.1692E-82  0.1000E+03
  -7.220  0.1692E-82  0.1000E+03
  -7.190  0.1692E-82  0.1000E+03
  -7.160  0.1692E-82  0.1000E+03
  -7.130  0.1692E-82  0.1000E+03
  -7.100  0.1692E-82  0.1000E+03
  -7.070  0.1692E-82  0.1000E+03
  -7.040  0.1692E-82  0.1000E+03
  -7.010  0.1692E-82  0.1000E+03
  -6.980  0.1692E-82  0.1000E+03
  -6.950  0.1692E-82  0.1000E+03
  -6.920  0.1692E-82  0.1000E+03
  -6.890  0.1692E-82  0.1000E+03
  -6.860  0.1692E-82  0.1000E+03
  -6.830  0.1692E-82  0.1000E+03
  -6.800  0.1692E-82  0.1000E+03
  -6.770  0.1692E-82  0.1000E+03
  -6.740  0.1692E-82  0.1000E+03
  -6.710  0.1692E-82  0.1000E+03
  -6.680  0.1692E-82  0.1000E+03
  -6.650  0.1692E-82  0.1000E+03
  -6.620  0.2957E-82  0.1000E+03
  -6.590  0.5873E-71  0.1000E+03
  -6.560  0.3685E-60  0.1000E+03
  -6.530  0.3135E-50  0.1000E+03
  -6.500  0.3615E-41  0.1000E+03
  -6.470  0.5653E-33  0.1000E+03
  -6.440  0.1199E-25  0.1000E+03
  -6.410  0.3446E-19  0.1000E+03
  -6.380  0.1343E-13  0.1000E+03
  -6.350  0.7097E-09  0.1000E+03
  -6.320  0.5085E-05  0.1000E+03
  -6.290  0.4939E-02  0.1000E+03
  -6.260  0.6504E+00  0.1000E+03
  -6.230  0.1161E+02  0.1004E+03
  -6.200  0.2810E+02  0.1012E+03
  -6.170  0.9220E+01  0.1015E+03
  -6.140  0.4100E+00  0.1015E+03
  -6.110  0.2491E-02  0.1015E+03
  -6.080  0.1653E-01  0.1015E+03
  -6.050  0.1951E+01  0.1016E+03
  -6.020  0.3457E+02  0.1026E+03
  -5.990  0.1042E+03  0.1057E+03
  -5.960  0.6416E+02  0.1076E+03
  -5.930  0.1283E+02  0.1080E+03
  -5.900  0.2688E+02  0.1088E+03
  -5.870  0.5553E+02  0.1105E+03
  -5.840  0.1700E+02  0.1110E+03
  -5.810  0.2179E+02  0.1117E+03
  -5.780  0.5641E+02  0.1134E+03
  -5.750  0.2162E+02  0.1140E+03
  -5.720  0.1686E+02  0.1145E+03
  -5.690  0.3097E+02  0.1154E+03
  -5.660  0.3068E+02  0.1164E+03
  -5.630  0.1946E+02  0.1169E+03
  -5.600  0.1175E+02  0.1173E+03
  -5.570  0.6582E+02  0.1193E+03
  -5.540  0.1104E+03  0.1226E+03
  -5.510  0.1144E+03  0.1260E+03
  -5.480  0.2035E+03  0.1321E+03
  -5.450  0.1214E+03  0.1358E+03
  -5.420  0.3057E+02  0.1367E+03
  -5.390  0.5099E+02  0.1382E+03
  -5.360  0.7948E+02  0.1406E+03
  -5.330  0.7295E+02  0.1428E+03
  -5.300  0.9827E+02  0.1457E+03
  -5.270  0.8274E+02  0.1482E+03
  -5.240  0.1763E+03  0.1535E+03
  -5.210  0.1779E+03  0.1588E+03
  -5.180  0.5450E+02  0.1605E+03
  -5.150  0.4320E+02  0.1618E+03
  -5.120  0.1387E+03  0.1659E+03
  -5.090  0.1044E+03  0.1691E+03
  -5.060  0.3529E+02  0.1701E+03
  -5.030  0.5675E+02  0.1718E+03
  -5.000  0.2142E+02  0.1725E+03
  -4.970  0.1103E+01  0.1725E+03
  -4.940  0.7697E-02  0.1725E+03
  -4.910  0.7279E-05  0.1725E+03
  -4.880  0.1203E-08  0.1725E+03
  -4.850  0.2688E-05  0.1725E+03
  -4.820  0.3630E-02  0.1725E+03
  -4.790  0.6649E+00  0.1725E+03
  -4.760  0.1655E+02  0.1730E+03
  -4.730  0.5824E+02  0.1748E+03
  -4.700  0.5696E+02  0.1765E+03
  -4.670  0.5493E+02  0.1781E+03
  -4.640  0.1228E+02  0.1785E+03
  -4.610  0.3824E+00  0.1785E+03
  -4.580  0.2032E-01  0.1785E+03
  -4.550  0.1530E+01  0.1785E+03
  -4.520  0.1705E+02  0.1791E+03
  -4.490  0.2589E+02  0.1798E+03
  -4.460  0.5480E+01  0.1800E+03
  -4.430  0.5011E+01  0.1802E+03
  -4.400  0.2803E+02  0.1810E+03
  -4.370  0.5781E+02  0.1827E+03
  -4.340  0.1144E+03  0.1862E+03
  -4.310  0.1380E+03  0.1903E+03
  -4.280  0.2576E+03  0.1980E+03
  -4.250  0.1927E+03  0.2038E+03
  -4.220  0.1129E+03  0.2072E+03
  -4.190  0.1939E+03  0.2130E+03
  -4.160  0.1667E+03  0.2180E+03
  -4.130  0.5419E+02  0.2196E+03
  -4.100  0.1051E+03  0.2228E+03
  -4.070  0.6758E+02  0.2248E+03
  -4.040  0.5944E+01  0.2250E+03
  -4.010  0.7082E-01  0.2250E+03
  -3.980  0.1480E-03  0.2250E+03
  -3.950  0.2116E-01  0.2250E+03
  -3.920  0.1977E+01  0.2251E+03
  -3.890  0.3194E+02  0.2260E+03
  -3.860  0.1166E+03  0.2295E+03
  -3.830  0.1183E+03  0.2331E+03
  -3.800  0.3016E+02  0.2340E+03
  -3.770  0.1467E+02  0.2344E+03
  -3.740  0.5434E+02  0.2360E+03
  -3.710  0.4151E+02  0.2373E+03
  -3.680  0.7272E+02  0.2395E+03
  -3.650  0.6376E+02  0.2414E+03
  -3.620  0.4705E+02  0.2428E+03
  -3.590  0.9977E+02  0.2458E+03
  -3.560  0.8744E+02  0.2484E+03
  -3.530  0.2611E+02  0.2492E+03
  -3.500  0.6168E+02  0.2510E+03
  -3.470  0.1208E+03  0.2547E+03
  -3.440  0.8896E+02  0.2573E+03
  -3.410  0.4560E+02  0.2587E+03
  -3.380  0.6487E+02  0.2607E+03
  -3.350  0.1005E+03  0.2637E+03
  -3.320  0.1491E+03  0.2681E+03
  -3.290  0.5754E+02  0.2699E+03
  -3.260  0.1041E+02  0.2702E+03
  -3.230  0.4541E+02  0.2715E+03
  -3.200  0.7584E+02  0.2738E+03
  -3.170  0.8089E+02  0.2762E+03
  -3.140  0.5133E+02  0.2778E+03
  -3.110  0.1077E+03  0.2810E+03
  -3.080  0.1774E+03  0.2863E+03
  -3.050  0.1385E+03  0.2905E+03
  -3.020  0.6132E+02  0.2923E+03
  -2.990  0.1347E+02  0.2927E+03
  -2.960  0.4734E+02  0.2942E+03
  -2.930  0.4030E+02  0.2954E+03
  -2.900  0.4671E+01  0.2955E+03
  -2.870  0.7520E-01  0.2955E+03
  -2.840  0.4539E+00  0.2955E+03
  -2.810  0.1765E+02  0.2960E+03
  -2.780  0.9701E+02  0.2990E+03
  -2.750  0.7612E+02  0.3012E+03
  -2.720  0.8615E+01  0.3015E+03
  -2.690  0.3370E+00  0.3015E+03
  -2.660  0.5397E+01  0.3017E+03
  -2.630  0.2911E+02  0.3025E+03
  -2.600  0.4721E+02  0.3040E+03
  -2.570  0.7074E+02  0.3061E+03
  -2.540  0.4680E+02  0.3075E+03
  -2.510  0.4489E+02  0.3088E+03
  -2.480  0.7395E+02  0.3111E+03
  -2.450  0.1072E+03  0.3143E+03
  -2.420  0.1607E+03  0.3191E+03
  -2.390  0.1563E+03  0.3238E+03
  -2.360  0.9732E+02  0.3267E+03
  -2.330  0.4033E+02  0.3279E+03
  -2.300  0.6554E+02  0.3299E+03
  -2.270  0.6523E+02  0.3318E+03
  -2.240  0.8098E+02  0.3343E+03
  -2.210  0.8113E+02  0.3367E+03
  -2.180  0.1395E+03  0.3409E+03
  -2.150  0.1178E+03  0.3444E+03
  -2.120  0.1171E+03  0.3479E+03
  -2.090  0.9680E+02  0.3508E+03
  -2.060  0.1273E+03  0.3547E+03
  -2.030  0.1064E+03  0.3578E+03
  -2.000  0.1081E+03  0.3611E+03
  -1.970  0.1543E+03  0.3657E+03
  -1.940  0.1374E+03  0.3698E+03
  -1.910  0.2166E+02  0.3705E+03
  -1.880  0.8503E+00  0.3705E+03
  -1.850  0.1363E+02  0.3709E+03
  -1.820  0.7424E+02  0.3731E+03
  -1.790  0.5588E+02  0.3748E+03
  -1.760  0.5835E+01  0.3750E+03
  -1.730  0.1899E+01  0.3751E+03
  -1.700  0.2243E+02  0.3757E+03
  -1.670  0.6192E+02  0.3776E+03
  -1.640  0.1122E+03  0.3810E+03
  -1.610  0.7982E+02  0.3833E+03
  -1.580  0.6170E+02  0.3852E+03
  -1.550  0.2542E+02  0.3860E+03
  -1.520  0.1095E+02  0.3863E+03
  -1.490  0.5883E+02  0.3881E+03
  -1.460  0.1021E+03  0.3911E+03
  -1.430  0.1781E+03  0.3965E+03
  -1.400  0.1059E+03  0.3996E+03
  -1.370  0.1191E+02  0.4000E+03
  -1.340  0.3213E+00  0.4000E+03
  -1.310  0.6805E+01  0.4002E+03
  -1.280  0.6003E+02  0.4020E+03
  -1.250  0.8423E+02  0.4045E+03
  -1.220  0.6882E+02  0.4066E+03
  -1.190  0.1327E+03  0.4106E+03
  -1.160  0.1568E+03  0.4153E+03
  -1.130  0.6471E+02  0.4172E+03
  -1.100  0.5867E+02  0.4190E+03
  -1.070  0.4639E+02  0.4204E+03
  -1.040  0.1119E+03  0.4237E+03
  -1.010  0.9803E+02  0.4267E+03
  -0.980  0.6488E+02  0.4286E+03
  -0.950  0.7966E+02  0.4310E+03
  -0.920  0.9096E+02  0.4337E+03
  -0.890  0.4515E+02  0.4351E+03
  -0.860  0.6007E+02  0.4369E+03
  -0.830  0.4691E+02  0.4383E+03
  -0.800  0.1011E+03  0.4413E+03
  -0.770  0.8844E+02  0.4440E+03
  -0.740  0.3768E+02  0.4451E+03
  -0.710  0.1232E+02  0.4455E+03
  -0.680  0.8584E+01  0.4457E+03
  -0.650  0.2791E+02  0.4466E+03
  -0.620  0.1874E+02  0.4471E+03
  -0.590  0.2699E+02  0.4480E+03
  -0.560  0.1670E+02  0.4485E+03
  -0.530  0.2290E+01  0.4485E+03
  -0.500  0.1318E+02  0.4489E+03
  -0.470  0.2775E+02  0.4498E+03
  -0.440  0.7924E+01  0.4500E+03
  -0.410  0.3064E+00  0.4500E+03
  -0.380  0.1604E-02  0.4500E+03
  -0.350  0.1137E-05  0.4500E+03
  -0.320  0.1091E-09  0.4500E+03
  -0.290  0.1419E-14  0.4500E+03
  -0.260  0.2497E-20  0.4500E+03
  -0.230  0.5950E-27  0.4500E+03
  -0.200  0.1920E-34  0.4500E+03
  -0.170  0.8388E-43  0.4500E+03
  -0.140  0.4962E-52  0.4500E+03
  -0.110  0.3974E-62  0.4500E+03
  -0.080  0.4310E-73  0.4500E+03
  -0.050  0.1694E-82  0.4500E+03
  -0.020  0.1692E-82  0.4500E+03
   0.010  0.1692E-82  0.4500E+03
   0.040  0.1692E-82  0.4500E+03
   0.070  0.1692E-82  0.4500E+03
   0.100  0.1692E-82  0.4500E+03
   0.130  0.1692E-82  0.4500E+03
   0.160  0.1692E-82  0.4500E+03
   0.190  0.1692E-82  0.4500E+03
   0.220  0.1692E-82  0.4500E+03
   0.250  0.1692E-82  0.4500E+03
   0.280  0.1692E-82  0.4500E+03
   0.310  0.1692E-82  0.4500E+03
   0.340  0.1692E-82  0.4500E+03
   0.370  0.1692E-82  0.4500E+03
   0.400  0.1692E-82  0.4500E+03
   0.430  0.1692E-82  0.4500E+03
   0.460  0.1692E-82  0.4500E+03
   0.490  0.1692E-82  0.4500E+03
   0.520  0.1692E-82  0.4500E+03
   0.550  0.1692E-82  0.4500E+03
   0.580  0.1692E-82  0.4500E+03
   0.610  0.1692E-82  0.4500E+03
   0.640  0.1692E-82  0.4500E+03
   0.670  0.1692E-82  0.4500E+03
   0.700  0.1692E-82  0.4500E+03
   0.730  0.1692E-82  0.4500E+03
   0.760  0.1692E-82  0.4500E+03
   0.790  0.1692E-82  0.4500E+03
   0.820  0.1692E-82  0.4500E+03
   0.850  0.1692E-82  0.4500E+03
   0.880  0.1692E-82  0.4500E+03
   0.910  0.1692E-82  0.4500E+03
   0.940  0.1692E-82  0.4500E+03
   0.970  0.1692E-82  0.4500E+03
   1.000  0.1692E-82  0.4500E+03
   1.030  0.1692E-82  0.4500E+03
   1.060  0.1692E-82  0.4500E+03
   1.090  0.1692E-82  0.4500E+03
   1.120  0.1692E-82  0.4500E+03
   1.150  0.1692E-82  0.4500E+03
   1.180  0.1692E-82  0.4500E+03
   1.210  0.1692E-82  0.4500E+03
   1.240  0.1692E-82  0.4500E+03
   1.270  0.1692E-82  0.4500E+03
   1.300  0.1692E-82  0.4500E+03
   1.330  0.1692E-82  0.4500E+03
   1.360  0.1692E-82  0.4500E+03
   1.390  0.1692E-82  0.4500E+03
   1.420  0.1692E-82  0.4500E+03
   1.450  0.1692E-82  0.4500E+03
   1.480  0.1692E-82  0.4500E+03
   1.510  0.1692E-82  0.4500E+03
   1.540  0.1692E-82  0.4500E+03
   1.570  0.1692E-82  0.4500E+03
   1.600  0.1692E-82  0.4500E+03
   1.630  0.1692E-82  0.4500E+03
   1.660  0.1692E-82  0.4500E+03
   1.690  0.1692E-82  0.4500E+03
   1.720  0.1692E-82  0.4500E+03
   1.750  0.1692E-82  0.4500E+03
   1.780  0.1692E-82  0.4500E+03
   1.810  0.1692E-82  0.4500E+03
   1.840  0.1692E-82  0.4500E+03
   1.870  0.1692E-82  0.4500E+03
   1.900  0.1692E-82  0.4500E+03
   1.930  0.1692E-82  0.4500E+03
   1.960  0.1692E-82  0.4500E+03
   1.990  0.1692E-82  0.4500E+03
   2.020  0.1692E-82  0.4500E+03
   2.050  0.1692E-82  0.4500E+03
   2.080  0.1692E-82  0.4500E+03
   2.110  0.1692E-82  0.4500E+03
   2.140  0.1692E-82  0.4500E+03
   2.170  0.1692E-82  0.4500E+03
   2.200  0.1692E-82  0.4500E+03
   2.230  0.1692E-82  0.4500E+03
   2.260  0.1692E-82  0.4500E+03
   2.290  0.1692E-82  0.4500E+03
   2.320  0.1692E-82  0.4500E+03
   2.350  0.1692E-82  0.4500E+03
   2.380  0.1692E-82  0.4500E+03
   2.410  0.1692E-82  0.4500E+03
   2.440  0.1692E-82  0.4500E+03
   2.470  0.1692E-82  0.4500E+03
   2.500  0.1692E-82  0.4500E+03
   2.530  0.1692E-82  0.4500E+03
   2.560  0.1692E-82  0.4500E+03
   2.590  0.1692E-82  0.4500E+03
   2.620  0.1692E-82  0.4500E+03
   2.650  0.1692E-82  0.4500E+03
   2.680  0.1692E-82  0.4500E+03
   2.710  0.1692E-82  0.4500E+03
   2.740  0.1692E-82  0.4500E+03
   2.770  0.1692E-82  0.4500E+03
   2.800  0.1692E-82  0.4500E+03
   2.830  0.1692E-82  0.4500E+03
   2.860  0.1692E-82  0.4500E+03
   2.890  0.1692E-82  0.4500E+03
   2.920  0.1692E-82  0.4500E+03
   2.950  0.1692E-82  0.4500E+03
   2.980  0.1692E-82  0.4500E+03
   3.010  0.1692E-82  0.4500E+03
   3.040  0.1692E-82  0.4500E+03
   3.070  0.1692E-82  0.4500E+03
   3.100  0.1692E-82  0.4500E+03
   3.130  0.1692E-82  0.4500E+03
   3.160  0.1692E-82  0.4500E+03
   3.190  0.1692E-82  0.4500E+03
   3.220  0.1692E-82  0.4500E+03
   3.250  0.1692E-82  0.4500E+03
   3.280  0.1692E-82  0.4500E+03
   3.310  0.1692E-82  0.4500E+03
   3.340  0.1692E-82  0.4500E+03
   3.370  0.1692E-82  0.4500E+03
   3.400  0.1692E-82  0.4500E+03
   3.430  0.1692E-82  0.4500E+03
   3.460  0.1692E-82  0.4500E+03
   3.490  0.1692E-82  0.4500E+03
   3.520  0.1692E-82  0.4500E+03
   3.550  0.1692E-82  0.4500E+03
   3.580  0.1692E-82  0.4500E+03
   3.610  0.1692E-82  0.4500E+03
   3.640  0.1692E-82  0.4500E+03
   3.670  0.1692E-82  0.4500E+03
   3.700  0.1692E-82  0.4500E+03
   3.730  0.1692E-82  0.4500E+03
   3.760  0.1692E-82  0.4500E+03
   3.790  0.1692E-82  0.4500E+03
   3.820  0.1692E-82  0.4500E+03
   3.850  0.1692E-82  0.4500E+03
   3.880  0.1692E-82  0.4500E+03
   3.910  0.1692E-82  0.4500E+03
   3.940  0.1692E-82  0.4500E+03
   3.970  0.1692E-82  0.4500E+03
   4.000  0.1692E-82  0.4500E+03
   4.030  0.1692E-82  0.4500E+03
   4.060  0.1692E-82  0.4500E+03
   4.090  0.1692E-82  0.4500E+03
   4.120  0.1692E-82  0.4500E+03
   4.150  0.1692E-82  0.4500E+03
   4.180  0.1692E-82  0.4500E+03
   4.210  0.1692E-82  0.4500E+03
   4.240  0.1692E-82  0.4500E+03
   4.270  0.1692E-82  0.4500E+03
   4.300  0.1692E-82  0.4500E+03
   4.330  0.1692E-82  0.4500E+03
   4.360  0.1692E-82  0.4500E+03
   4.390  0.1692E-82  0.4500E+03
   4.420  0.1692E-82  0.4500E+03
   4.450  0.1692E-82  0.4500E+03
   4.480  0.1692E-82  0.4500E+03
   4.510  0.1692E-82  0.4500E+03
   4.540  0.1692E-82  0.4500E+03
   4.570  0.1692E-82  0.4500E+03
   4.600  0.1692E-82  0.4500E+03
   4.630  0.1692E-82  0.4500E+03
   4.660  0.1692E-82  0.4500E+03
   4.690  0.1692E-82  0.4500E+03
   4.720  0.1692E-82  0.4500E+03
   4.750  0.1692E-82  0.4500E+03
   4.780  0.1692E-82  0.4500E+03
   4.810  0.1692E-82  0.4500E+03
   4.840  0.1692E-82  0.4500E+03
   4.870  0.1692E-82  0.4500E+03
   4.900  0.1692E-82  0.4500E+03
   4.930  0.1692E-82  0.4500E+03
   4.960  0.1692E-82  0.4500E+03
   4.990  0.1692E-82  0.4500E+03
   5.020  0.1692E-82  0.4500E+03
   5.050  0.1692E-82  0.4500E+03
   5.080  0.1692E-82  0.4500E+03
   5.110  0.1692E-82  0.4500E+03
   5.140  0.1692E-82  0.4500E+03
   5.170  0.1692E-82  0.4500E+03
   5.200  0.1692E-82  0.4500E+03
   5.230  0.1692E-82  0.4500E+03
   5.260  0.1692E-82  0.4500E+03
   5.290  0.1692E-82  0.4500E+03
   5.320  0.1692E-82  0.4500E+03
   5.350  0.1692E-82  0.4500E+03
   5.380  0.1692E-82  0.4500E+03
   5.410  0.1692E-82  0.4500E+03
   5.440  0.1692E-82  0.4500E+03
   5.470  0.1692E-82  0.4500E+03
   5.500  0.1692E-82  0.4500E+03
   5.530  0.1692E-82  0.4500E+03
   5.560  0.1692E-82  0.4500E+03
   5.590  0.1692E-82  0.4500E+03
   5.620  0.1692E-82  0.4500E+03
   5.650  0.1692E-82  0.4500E+03
   5.680  0.1692E-82  0.4500E+03
   5.710  0.1692E-82  0.4500E+03
   5.740  0.1692E-82  0.4500E+03
   5.770  0.1692E-82  0.4500E+03
   5.800  0.1692E-82  0.4500E+03
   5.830  0.1692E-82  0.4500E+03
   5.860  0.1692E-82  0.4500E+03
   5.890  0.1692E-82  0.4500E+03
   5.920  0.1692E-82  0.4500E+03
   5.950  0.1692E-82  0.4500E+03
   5.980  0.1692E-82  0.4500E+03
   6.010  0.1692E-82  0.4500E+03
   6.040  0.1692E-82  0.4500E+03
   6.070  0.1692E-82  0.4500E+03
   6.100  0.1692E-82  0.4500E+03
   6.130  0.1692E-82  0.4500E+03
   6.160  0.1692E-82  0.4500E+03
   6.190  0.1692E-82  0.4500E+03
   6.220  0.1692E-82  0.4500E+03
   6.250  0.1692E-82  0.4500E+03
   6.280  0.1692E-82  0.4500E+03
   6.310  0.1692E-82  0.4500E+03
   6.340  0.1692E-82  0.4500E+03
   6.370  0.1692E-82  0.4500E+03
   6.400  0.1692E-82  0.4500E+03
   6.430  0.1692E-82  0.4500E+03
   6.460  0.1692E-82  0.4500E+03
   6.490  0.1692E-82  0.4500E+03
   6.520  0.1692E-82  0.4500E+03
   6.550  0.1692E-82  0.4500E+03
   6.580  0.1692E-82  0.4500E+03
   6.610  0.1692E-82  0.4500E+03
   6.640  0.1692E-82  0.4500E+03
   6.670  0.1692E-82  0.4500E+03
   6.700  0.1692E-82  0.4500E+03
   6.730  0.1692E-82  0.4500E+03
   6.760  0.1692E-82  0.4500E+03
   6.790  0.1692E-82  0.4500E+03
   6.820  0.1692E-82  0.4500E+03
   6.850  0.1692E-82  0.4500E+03
   6.880  0.1692E-82  0.4500E+03
   6.910  0.1692E-82  0.4500E+03
   6.940  0.1692E-82  0.4500E+03
   6.970  0.1692E-82  0.4500E+03
   7.000  0.1692E-82  0.4500E+03
   7.030  0.1692E-82  0.4500E+03
   7.060  0.1692E-82  0.4500E+03
   7.090  0.1692E-82  0.4500E+03
   7.120  0.1692E-82  0.4500E+03
   7.150  0.1692E-82  0.4500E+03
   7.180  0.1692E-82  0.4500E+03
   7.210  0.1692E-82  0.4500E+03
   7.240  0.1692E-82  0.4500E+03
   7.270  0.1692E-82  0.4500E+03
   7.300  0.1692E-82  0.4500E+03
   7.330  0.1692E-82  0.4500E+03
   7.360  0.1692E-82  0.4500E+03
   7.390  0.1692E-82  0.4500E+03
   7.420  0.1692E-82  0.4500E+03
   7.450  0.1692E-82  0.4500E+03
   7.480  0.1692E-82  0.4500E+03
   7.510  0.1692E-82  0.4500E+03
   7.540  0.1692E-82  0.4500E+03
   7.570  0.1692E-82  0.4500E+03
   7.600  0.1692E-82  0.4500E+03
   7.630  0.1692E-82  0.4500E+03
   7.660  0.1692E-82  0.4500E+03
   7.690  0.1692E-82  0.4500E+03
   7.720  0.1692E-82  0.4500E+03
   7.750  0.1692E-82  0.4500E+03
   7.780  0.1692E-82  0.4500E+03
   7.810  0.1692E-82  0.4500E+03
   7.840  0.1692E-82  0.4500E+03
   7.870  0.1692E-82  0.4500E+03
   7.900  0.1692E-82  0.4500E+03
   7.930  0.1692E-82  0.4500E+03
   7.960  0.1692E-82  0.4500E+03
   7.990  0.1692E-82  0.4500E+03
   8.020  0.1692E-82  0.4500E+03
   8.050  0.1692E-82  0.4500E+03
   8.080  0.1692E-82  0.4500E+03
   8.110  0.1692E-82  0.4500E+03
   8.140  0.1692E-82  0.4500E+03
   8.170  0.1692E-82  0.4500E+03
   8.200  0.1692E-82  0.4500E+03
   8.230  0.1692E-82  0.4500E+03
   8.260  0.1692E-82  0.4500E+03
   8.290  0.1692E-82  0.4500E+03
   8.320  0.1692E-82  0.4500E+03
   8.350  0.1692E-82  0.4500E+03
   8.380  0.1692E-82  0.4500E+03
   8.410  0.1692E-82  0.4500E+03
   8.440  0.1692E-82  0.4500E+03
   8.470  0.1692E-82  0.4500E+03
   8.500  0.1692E-82  0.4500E+03
   8.530  0.1692E-82  0.4500E+03
   8.560  0.1692E-82  0.4500E+03
   8.590  0.1692E-82  0.4500E+03
   8.620  0.1692E-82  0.4500E+03
   8.650  0.1692E-82  0.4500E+03
   8.680  0.1692E-82  0.4500E+03
   8.710  0.1692E-82  0.4500E+03
   8.740  0.1692E-82  0.4500E+03
   8.770  0.1692E-82  0.4500E+03
   8.800  0.1692E-82  0.4500E+03
   8.830  0.1692E-82  0.4500E+03
   8.860  0.1692E-82  0.4500E+03
   8.890  0.1692E-82  0.4500E+03
   8.920  0.1692E-82  0.4500E+03
   8.950  0.1692E-82  0.4500E+03
   8.980  0.1692E-82  0.4500E+03
   9.010  0.1692E-82  0.4500E+03
   9.040  0.1692E-82  0.4500E+03
   9.070  0.1692E-82  0.4500E+03
   9.100  0.1692E-82  0.4500E+03
   9.130  0.1692E-82  0.4500E+03
   9.160  0.1692E-82  0.4500E+03
   9.190  0.1692E-82  0.4500E+03
   9.220  0.1692E-82  0.4500E+03
   9.250  0.1692E-82  0.4500E+03
   9.280  0.1692E-82  0.4500E+03
   9.310  0.1692E-82  0.4500E+03
   9.340  0.1692E-82  0.4500E+03
   9.370  0.1692E-82  0.4500E+03
   9.400  0.1692E-82  0.4500E+03
   9.430  0.1692E-82  0.4500E+03
   9.460  0.1692E-82  0.4500E+03
   9.490  0.1692E-82  0.4500E+03
   9.520  0.1692E-82  0.4500E+03
   9.550  0.1692E-82  0.4500E+03
   9.580  0.1692E-82  0.4500E+03
   9.610  0.1692E-82  0.4500E+03
   9.640  0.1692E-82  0.4500E+03
   9.670  0.1692E-82  0.4500E+03
   9.700  0.1692E-82  0.4500E+03
   9.730  0.1692E-82  0.4500E+03
   9.760  0.1692E-82  0.4500E+03
   9.790  0.1692E-82  0.4500E+03
   9.820  0.1692E-82  0.4500E+03
   9.850  0.1692E-82  0.4500E+03
   9.880  0.1692E-82  0.4500E+03
   9.910  0.1692E-82  0.4500E+03
   9.940  0.1692E-82  0.4500E+03
   9.970  0.1692E-82  0.4500E+03
  10.000  0.1692E-82  0.4500E+03
  10.030  0.1692E-82  0.4500E+03
  10.060  0.1692E-82  0.4500E+03
  10.090  0.1692E-82  0.4500E+03
  10.120  0.1692E-82  0.4500E+03
  10.150  0.1692E-82  0.4500E+03
  10.180  0.1692E-82  0.4500E+03
  10.210  0.1692E-82  0.4500E+03
  10.240  0.1692E-82  0.4500E+03
  10.270  0.1692E-82  0.4500E+03
  10.300  0.1692E-82  0.4500E+03
  10.330  0.1692E-82  0.4500E+03
  10.360  0.1692E-82  0.4500E+03
  10.390  0.1692E-82  0.4500E+03
  10.420  0.1692E-82  0.4500E+03
  10.450  0.1692E-82  0.4500E+03
  10.480  0.1692E-82  0.4500E+03
  10.510  0.1692E-82  0.4500E+03
  10.540  0.1692E-82  0.4500E+03
  10.570  0.1692E-82  0.4500E+03
  10.600  0.1692E-82  0.4500E+03
  10.630  0.1692E-82  0.4500E+03
  10.660  0.1692E-82  0.4500E+03
  10.690  0.1692E-82  0.4500E+03
  10.720  0.1692E-82  0.4500E+03
  10.750  0.1692E-82  0.4500E+03
  10.780  0.1692E-82  0.4500E+03
  10.810  0.1692E-82  0.4500E+03
  10.840  0.1692E-82  0.4500E+03
  10.870  0.1692E-82  0.4500E+03
  10.900  0.1692E-82  0.4500E+03
  10.930  0.1692E-82  0.4500E+03
  10.960  0.1692E-82  0.4500E+03
  10.990  0.1692E-82  0.4500E+03
  11.020  0.1692E-82  0.4500E+03
  11.050  0.1692E-82  0.4500E+03
  11.080  0.1692E-82  0.4500E+03
  11.110  0.1692E-82  0.4500E+03
  11.140  0.1692E-82  0.4500E+03
  11.170  0.1692E-82  0.4500E+03
  11.200  0.1692E-82  0.4500E+03
  11.230  0.1692E-82  0.4500E+03
  11.260  0.1692E-82  0.4500E+03
  11.290  0.1692E-82  0.4500E+03
  11.320  0.1692E-82  0.4500E+03
  11.350  0.1692E-82  0.4500E+03
  11.380  0.1692E-82  0.4500E+03
  11.410  0.1692E-82  0.4500E+03
  11.440  0.1692E-82  0.4500E+03
  11.470  0.1692E-82  0.4500E+03
  11.500  0.1692E-82  0.4500E+03
  11.530  0.1692E-82  0.4500E+03
  11.560  0.1692E-82  0.4500E+03
  11.590  0.1692E-82  0.4500E+03
  11.620  0.1692E-82  0.4500E+03
  11.650  0.1692E-82  0.4500E+03
  11.680  0.1692E-82  0.4500E+03
  11.710  0.1692E-82  0.4500E+03
  11.740  0.1692E-82  0.4500E+03
  11.770  0.1692E-82  0.4500E+03
  11.800  0.1692E-82  0.4500E+03
  11.830  0.1692E-82  0.4500E+03
  11.860  0.1692E-82  0.4500E+03
  11.890  0.1692E-82  0.4500E+03
  11.920  0.1692E-82  0.4500E+03
  11.950  0.1692E-82  0.4500E+03
  11.980  0.1692E-82  0.4500E+03
  12.010  0.1692E-82  0.4500E+03
  12.040  0.1692E-82  0.4500E+03
  12.070  0.1692E-82  0.4500E+03
  12.100  0.1692E-82  0.4500E+03
  12.130  0.1692E-82  0.4500E+03
  12.160  0.1692E-82  0.4500E+03
  12.190  0.1692E-82  0.4500E+03
  12.220  0.1692E-82  0.4500E+03
  12.250  0.1692E-82  0.4500E+03
  12.280  0.1692E-82  0.4500E+03
  12.310  0.1692E-82  0.4500E+03
  12.340  0.1692E-82  0.4500E+03
  12.370  0.1692E-82  0.4500E+03
  12.400  0.1692E-82  0.4500E+03
  12.430  0.1692E-82  0.4500E+03
  12.460  0.1692E-82  0.4500E+03
  12.490  0.1692E-82  0.4500E+03
  12.520  0.1692E-82  0.4500E+03
  12.550  0.1692E-82  0.4500E+03
  12.580  0.1692E-82  0.4500E+03
  12.610  0.1692E-82  0.4500E+03
  12.640  0.1692E-82  0.4500E+03
  12.670  0.1692E-82  0.4500E+03
  12.700  0.1692E-82  0.4500E+03
  12.730  0.1692E-82  0.4500E+03
  12.760  0.1692E-82  0.4500E+03
  12.790  0.1692E-82  0.4500E+03
  12.820  0.1692E-82  0.4500E+03
  12.850  0.1692E-82  0.4500E+03
  12.880  0.1692E-82  0.4500E+03
  12.910  0.1692E-82  0.4500E+03
  12.940  0.1692E-82  0.4500E+03
  12.970  0.1692E-82  0.4500E+03
  13.000  0.1692E-82  0.4500E+03
  13.030  0.1692E-82  0.4500E+03
  13.060  0.1692E-82  0.4500E+03
  13.090  0.1692E-82  0.4500E+03
  13.120  0.1692E-82  0.4500E+03
  13.150  0.1692E-82  0.4500E+03
  13.180  0.1692E-82  0.4500E+03
  13.210  0.1692E-82  0.4500E+03
  13.240  0.1692E-82  0.4500E+03
  13.270  0.1692E-82  0.4500E+03
  13.300  0.1692E-82  0.4500E+03
  13.330  0.1692E-82  0.4500E+03
  13.360  0.1692E-82  0.4500E+03
  13.390  0.1692E-82  0.4500E+03
  13.420  0.1692E-82  0.4500E+03
  13.450  0.1692E-82  0.4500E+03
  13.480  0.1692E-82  0.4500E+03
  13.510  0.1692E-82  0.4500E+03
  13.540  0.1692E-82  0.4500E+03
  13.570  0.1692E-82  0.4500E+03
  13.600  0.1692E-82  0.4500E+03
  13.630  0.1692E-82  0.4500E+03
  13.660  0.1692E-82  0.4500E+03
  13.690  0.1692E-82  0.4500E+03
  13.720  0.1692E-82  0.4500E+03
  13.750  0.1692E-82  0.4500E+03
  13.780  0.1692E-82  0.4500E+03
  13.810  0.1692E-82  0.4500E+03
  13.840  0.1692E-82  0.4500E+03
  13.870  0.1692E-82  0.4500E+03
  13.900  0.1692E-82  0.4500E+03
  13.930  0.1692E-82  0.4500E+03
  13.960  0.1692E-82  0.4500E+03
  13.990  0.1692E-82  0.4500E+03
  14.020  0.1692E-82  0.4500E+03
  14.050  0.1692E-82  0.4500E+03
  14.080  0.1692E-82  0.4500E+03
  14.110  0.1692E-82  0.4500E+03
  14.140  0.1692E-82  0.4500E+03
  14.170  0.1692E-82  0.4500E+03
  14.200  0.1692E-82  0.4500E+03
  14.230  0.1692E-82  0.4500E+03
  14.260  0.1692E-82  0.4500E+03
  14.290  0.1692E-82  0.4500E+03
  14.320  0.1692E-82  0.4500E+03
  14.350  0.1692E-82  0.4500E+03
  14.380  0.1692E-82  0.4500E+03
  14.410  0.1692E-82  0.4500E+03
  14.440  0.1692E-82  0.4500E+03
  14.470  0.1692E-82  0.4500E+03
  14.500  0.1692E-82  0.4500E+03
  14.530  0.1692E-82  0.4500E+03
  14.560  0.1692E-82  0.4500E+03
  14.590  0.1692E-82  0.4500E+03
  14.620  0.1692E-82  0.4500E+03
  14.650  0.1692E-82  0.4500E+03
  14.680  0.1692E-82  0.4500E+03
  14.710  0.1692E-82  0.4500E+03
  14.740  0.1692E-82  0.4500E+03
  14.770  0.1692E-82  0.4500E+03
  14.800  0.1692E-82  0.4500E+03
  14.830  0.1692E-82  0.4500E+03
  14.860  0.1692E-82  0.4500E+03
  14.890  0.1692E-82  0.4500E+03
  14.920  0.1692E-82  0.4500E+03
  14.950  0.1692E-82  0.4500E+03
  14.980  0.1692E-82  0.4500E+03
  15.010  0.1692E-82  0.4500E+03
  15.040  0.1692E-82  0.4500E+03
  15.070  0.1692E-82  0.4500E+03
  15.100  0.1692E-82  0.4500E+03
  15.130  0.1692E-82  0.4500E+03
  15.160  0.1692E-82  0.4500E+03
  15.190  0.1692E-82  0.4500E+03
  15.220  0.1692E-82  0.4500E+03
  15.250  0.1692E-82  0.4500E+03
  15.280  0.1692E-82  0.4500E+03
  15.310  0.1692E-82  0.4500E+03
  15.340  0.1692E-82  0.4500E+03
  15.370  0.1692E-82  0.4500E+03
  15.400  0.1692E-82  0.4500E+03
  15.430  0.1692E-82  0.4500E+03
  15.460  0.1692E-82  0.4500E+03
  15.490  0.1692E-82  0.4500E+03
  15.520  0.1692E-82  0.4500E+03
  15.550  0.1692E-82  0.4500E+03
  15.580  0.1692E-82  0.4500E+03
  15.610  0.1692E-82  0.4500E+03
  15.640  0.1692E-82  0.4500E+03
  15.670  0.1692E-82  0.4500E+03
  15.700  0.1692E-82  0.4500E+03
  15.730  0.1692E-82  0.4500E+03
  15.760  0.1692E-82  0.4500E+03
  15.790  0.1692E-82  0.4500E+03
  15.820  0.1692E-82  0.4500E+03
  15.850  0.1692E-82  0.4500E+03
  15.880  0.1692E-82  0.4500E+03
  15.910  0.1692E-82  0.4500E+03
  15.940  0.1692E-82  0.4500E+03
  15.970  0.1692E-82  0.4500E+03
  16.000  0.1692E-82  0.4500E+03
  16.030  0.1692E-82  0.4500E+03
  16.060  0.1692E-82  0.4500E+03
  16.090  0.1692E-82  0.4500E+03
  16.120  0.1692E-82  0.4500E+03
  16.150  0.1692E-82  0.4500E+03
  16.180  0.1692E-82  0.4500E+03
  16.210  0.1692E-82  0.4500E+03
  16.240  0.1692E-82  0.4500E+03
  16.270  0.1692E-82  0.4500E+03
  16.300  0.1692E-82  0.4500E+03
  16.330  0.1692E-82  0.4500E+03
  16.360  0.1692E-82  0.4500E+03
  16.390  0.1692E-82  0.4500E+03
  16.420  0.1692E-82  0.4500E+03
  16.450  0.1692E-82  0.4500E+03
  16.480  0.1692E-82  0.4500E+03
  16.510  0.1692E-82  0.4500E+03
  16.540  0.1692E-82  0.4500E+03
  16.570  0.1692E-82  0.4500E+03
  16.600  0.1692E-82  0.4500E+03
  16.630  0.1692E-82  0.4500E+03
  16.660  0.1692E-82  0.4500E+03
  16.690  0.1692E-82  0.4500E+03
  16.720  0.1692E-82  0.4500E+03
  16.750  0.1692E-82  0.4500E+03
  16.780  0.1692E-82  0.4500E+03
  16.810  0.1692E-82  0.4500E+03
  16.840  0.1692E-82  0.4500E+03
  16.870  0.1692E-82  0.4500E+03
  16.900  0.1692E-82  0.4500E+03
  16.930  0.1692E-82  0.4500E+03
  16.960  0.1692E-82  0.4500E+03
  16.990  0.1692E-82  0.4500E+03
  17.020  0.1692E-82  0.4500E+03
  17.050  0.1692E-82  0.4500E+03
  17.080  0.1692E-82  0.4500E+03
  17.110  0.1692E-82  0.4500E+03
  17.140  0.1692E-82  0.4500E+03
  17.170  0.1692E-82  0.4500E+03
  17.200  0.1692E-82  0.4500E+03
  17.230  0.1692E-82  0.4500E+03
  17.260  0.1692E-82  0.4500E+03
  17.290  0.1692E-82  0.4500E+03
  17.320  0.1692E-82  0.4500E+03
  17.350  0.1692E-82  0.4500E+03
  17.380  0.1692E-82  0.4500E+03
  17.410  0.1692E-82  0.4500E+03
  17.440  0.1692E-82  0.4500E+03
  17.470  0.1692E-82  0.4500E+03
  17.500  0.1692E-82  0.4500E+03
  17.530  0.1692E-82  0.4500E+03
  17.560  0.1692E-82  0.4500E+03
  17.590  0.1692E-82  0.4500E+03
  17.620  0.1692E-82  0.4500E+03
  17.650  0.1692E-82  0.4500E+03
  17.680  0.1692E-82  0.4500E+03
  17.710  0.1692E-82  0.4500E+03
  17.740  0.1692E-82  0.4500E+03
  17.770  0.1692E-82  0.4500E+03
  17.800  0.1692E-82  0.4500E+03
  17.830  0.1692E-82  0.4500E+03
  17.860  0.1692E-82  0.4500E+03
  17.890  0.1692E-82  0.4500E+03
  17.920  0.1692E-82  0.4500E+03
  17.950  0.1692E-82  0.4500E+03
  17.980  0.1692E-82  0.4500E+03
  18.010  0.1692E-82  0.4500E+03
  18.040  0.1692E-82  0.4500E+03
  18.070  0.1692E-82  0.4500E+03
  18.100  0.1692E-82  0.4500E+03
  18.130  0.1692E-82  0.4500E+03
  18.160  0.1692E-82  0.4500E+03
  18.190  0.1692E-82  0.4500E+03
  18.220  0.1692E-82  0.4500E+03
  18.250  0.1692E-82  0.4500E+03
  18.280  0.1692E-82  0.4500E+03
  18.310  0.1692E-82  0.4500E+03
  18.340  0.1692E-82  0.4500E+03
  18.370  0.1692E-82  0.4500E+03
  18.400  0.1692E-82  0.4500E+03
  18.430  0.1692E-82  0.4500E+03
  18.460  0.1692E-82  0.4500E+03
  18.490  0.1692E-82  0.4500E+03
  18.520  0.1692E-82  0.4500E+03
  18.550  0.1692E-82  0.4500E+03
  18.580  0.1692E-82  0.4500E+03
  18.610  0.1692E-82  0.4500E+03
  18.640  0.1692E-82  0.4500E+03
  18.670  0.1692E-82  0.4500E+03
  18.700  0.1692E-82  0.4500E+03
  18.730  0.1692E-82  0.4500E+03
  18.760  0.1692E-82  0.4500E+03
  18.790  0.1692E-82  0.4500E+03
  18.820  0.1692E-82  0.4500E+03
  18.850  0.1692E-82  0.4500E+03
  18.880  0.1692E-82  0.4500E+03
  18.910  0.1692E-82  0.4500E+03
  18.940  0.1692E-82  0.4500E+03
  18.970  0.1692E-82  0.4500E+03
  19.000  0.1692E-82  0.4500E+03
  19.030  0.1692E-82  0.4500E+03
  19.060  0.1692E-82  0.4500E+03
  19.090  0.1692E-82  0.4500E+03
  19.120  0.1692E-82  0.4500E+03
  19.150  0.1692E-82  0.4500E+03
  19.180  0.1692E-82  0.4500E+03
  19.210  0.1692E-82  0.4500E+03
  19.240  0.1692E-82  0.4500E+03
  19.270  0.1692E-82  0.4500E+03
  19.300  0.1692E-82  0.4500E+03
  19.330  0.1692E-82  0.4500E+03
  19.360  0.1692E-82  0.4500E+03
  19.390  0.1692E-82  0.4500E+03
  19.420  0.1692E-82  0.4500E+03
  19.450  0.1692E-82  0.4500E+03
  19.480  0.1692E-82  0.4500E+03
  19.510  0.1692E-82  0.4500E+03
  19.540  0.1692E-82  0.4500E+03
  19.570  0.1692E-82  0.4500E+03
  19.600  0.1692E-82  0.4500E+03
  19.630  0.1692E-82  0.4500E+03
  19.660  0.1692E-82  0.4500E+03
  19.690  0.1692E-82  0.4500E+03
  19.720  0.1692E-82  0.4500E+03
  19.750  0.1692E-82  0.4500E+03
  19.780  0.1692E-82  0.4500E+03
  19.810  0.1692E-82  0.4500E+03
  19.840  0.1692E-82  0.4500E+03
  19.870  0.1692E-82  0.4500E+03
  19.900  0.1692E-82  0.4500E+03
  19.930  0.1692E-82  0.4500E+03
  19.960  0.1692E-82  0.4500E+03
  19.990  0.1692E-82  0.4500E+03
