-7.89123300291578
-0.00556291962518 
-0.00491214725675
62.28362840121193
62.28540065963461
62.28592367429247
62.2888258664871 
62.30751919327413
62.30994814868113
88.68907890131744
88.68976074642445
88.70623528322577
88.70675869128459
92.29770261445573
92.29896459817407
130.0031297509244
130.0041682117944
130.0091660893420
130.0095447693844
130.0159511006874
130.0173484731432
146.4163420490292
146.4168491340182
146.4424330223150
146.4436421584009
146.5228088982609
146.5232359811760
147.2210755408998
147.2219229035522
153.2364924454625
153.2370243732521
153.2573703246585
153.2584594729957
153.2688172189618
153.2704436660197
154.5333299050165
154.5335859117922
154.5580351973954
154.558964003743 
160.4181311281123
160.4185782096949
160.8570260131678
160.8576208018883
160.8609617030815
160.8615838541808
174.0685088394548
174.0692381848108
174.0817576401498
174.0822530259367
174.0869164871740
174.0873603552887
182.2863224201847
182.2869202425247
187.1934058691817
187.193931314827 
187.2186033226897
187.2190040934732
199.2956451399683
199.2966376708299
199.5647129084807
199.5649197942191
199.6304504287358
199.6305047739351
222.2323054944398
222.2324353879597
222.2585157968197
222.2587516529536
222.3121823953029
222.3125304655605
224.9293503946172
224.9296757072242
225.6904589410471
225.6917334006748
225.7719498497818
225.7728382860136
277.7786098528598
277.8195848445396
286.3924412767181
286.3925231721928
286.4095050848538
286.4095287765560
286.4321108506414
286.432142429209 
297.1161412911126
297.1161679211441
297.1348750373617
297.1348952920306
297.1639757013942
297.1640346267746
302.2958910849285
302.2959557504495
302.3107155977545
302.3107466197828
302.3175433974027
302.3176791671472
307.1350171600958
307.1352092582589
307.1451103061459
307.1453388919884
 307.152688591422
 307.152773500142
 315.099729084294
 315.099772106793
 315.104350868149
 315.104433796200
 315.111976667708
 315.112009824746
 321.337632451016
 321.337692944681
 321.340753449232
 321.340875680831
 321.353236512030
 321.353342402351
 326.892553578331
 326.892614808665
 326.896601095713
 326.896642725521
 326.904628475166
 326.904655213751
 328.738881381073
 328.738937360937
 328.739776103499
 328.739814816765
 328.742034973478
 328.742079092746
 336.564434234820
 336.564441286126
 336.579117922134
 336.579190182598
 337.467043293160
 337.467060166958
 341.135431277496
 341.135461517960
 341.153825581822
 341.153888938454
 341.630835112707
 341.630874686818
 346.572279727888
 346.572369958407
 346.619045139523
 346.619137804700
 346.632911471378
 346.633009316461
 355.590547338315
 355.590675745930
 355.610611321317
 355.610895905891
 358.146297060919
 358.146387937660
 358.148437790719
 358.148479938280
 358.167996187454
 358.168171324868
 359.120762309642
 359.120995087616
 367.576112023843
 367.576227004081
 367.599720871981
 367.599907699505
 367.63110482481 
 367.631365713141
 367.657378082091
 367.657507726312
 368.438453245009
 368.438545821219
 368.504341476279
 368.504449284763
 370.458240786470
 370.458544133897
 370.952635805757
 370.952888356216
 370.984688418734
 370.984750054873
 370.987746658479
 370.987860496639
 371.294423516756
 371.294484043329
 371.308473701476
 371.308731283580
 375.298977427091
 375.326019078643
 382.547036446976
 382.547265001256
 382.587250215154
 382.587495488464
 382.594831032633
 382.595363447685
 386.374568472676
 388.729619482482
 388.729776275197
 388.770947895683
 388.771211800587
 389.000443562033
 389.000561418088
 389.001946806613
 389.002059240647
 389.020219343749
 389.020805312748
 389.625783705409
 389.625864431292
 396.387508090198
 396.387681232729
 397.410149643473
 397.410260809062
 397.442091892133
 397.442324637826
 399.467453270688
 399.467493866255
 399.532600745635
 399.532802374206
 400.031179863183
 400.031410608974
 401.767058470033
 401.767310901977
 401.979102029973
 401.979140040404
 402.029346958882
 402.029440334878
 430.484361285383
 430.484435029295
 430.491582723228
 430.491775698508
 430.492695884266
 430.492967479198
 461.648427544386
