    VMo
25.1509203838249
25.2403676663785
58.8130173220497
60.1997371868096
60.2100529772798
62.6339584328639
74.0144715922626
74.0908696795685
84.9596856492581
85.6274754925632
85.7031726181666
92.7986893603288
94.9463253631685
94.9741998584355
107.913365330048
118.349267106027
118.418695768825
125.023841832189
128.400303405389
130.268372893661
131.464537948409
132.125037011437
132.165463308834
136.196271868636
136.219156963051
143.066041282117
143.092433871068
146.566863031476
147.145942081006
147.167814250682
147.558318427319
147.561631338290
147.783211740567
152.183068592860
152.196070083769
153.254068519839
154.511304928822
154.517927658341
155.898858964528
156.619735716639
156.623144613358
158.368566462052
159.790430174704
163.547805235114
163.558796136439
169.949889709465
170.887800651875
170.899751108861
174.625911053676
174.633430903770
177.594999933859
178.858529198550
179.911415944899
179.929381953852
181.563645252059
181.598461432584
182.397936859970
185.771047491853
195.067976166805
196.831294191451
196.916632507111
200.804886928338
200.845066390589
210.735322927282
210.792545994793
218.114525603753
222.111220261053
222.157730686211
222.318498588372
223.001235931006
223.253091158296
223.284113983748
224.133155383535
224.135944250137
227.972734339206
252.857440923112
270.296615378033
270.341508632067
279.703810581431
279.720049222878
281.221533918444
285.212439653227
285.669723605848
285.687787322145
290.293781576375
292.045910927270
292.069745785228
295.300523185954
295.324123527154
296.855994169449
297.032670376758
297.682238413726
297.703366205666
301.061393853624
301.069493062659
301.174152425333
305.530104323760
305.540636877084
306.770352969876
306.774374762293
307.595431480884
308.420994474340
313.955598387634
314.342371450640
314.357154687120
315.995728600300
318.159393865946
318.166286341921
318.910296539994
320.704513617791
320.710958843990
322.077766994847
322.887534625968
322.896534296625
323.882106943451
326.983511007998
326.987733117614
327.327913770742
328.858681850241
329.094647860823
329.111373714392
330.847392808219
330.854278199540
330.893195325677
331.665779755589
331.687931749750
332.223177992658
335.627532072963
335.637583673501
341.156960532615
341.575199466942
341.580091222938
342.657276584005
342.665016848079
344.506162989961
345.121120124190
345.131875402531
346.055277626385
346.317201011815
346.338849722902
346.521241907135
348.572998805452
348.644905594215
348.660820124141
350.815603904272
354.865833617308
354.875891181801
357.187289938265
357.902355722202
357.936371865909
359.332823526612
359.785418100130
359.794787548441
361.628574917685
361.649869506181
362.619321700067
362.639487329970
362.951457563607
364.396282340167
365.772860081314
365.795188131982
368.644373144370
368.646948294742
369.597330218639
370.189770813907
370.299966494028
370.321313139044
371.237367452703
371.244349770893
371.683354732888
371.933635605436
371.935407076387
372.742262113940
374.793398135349
374.806836473493
374.872731231663
376.670008500382
376.673843442681
383.434548985956
383.442557267101
383.689731753978
386.136012702390
386.143400950908
387.051116814119
387.102051088360
388.183855668949
388.187158140166
389.762961944770
390.760297513023
390.762040868817
390.965097838135
391.408980293469
391.421484833232
392.666984695019
395.058378058271
395.061482879445
395.418966677171
396.721565719920
396.731563016413
397.879608529991
399.406688140688
399.817381730515
399.825645277392
400.329565780213
400.336059902919
400.880751253084
400.887703603324
401.605715501817
402.557986846659
403.167426988288
403.174607810266
404.524350963482
405.718849658709
423.679192394495
423.681551675709
430.330350467473
430.333926340314
432.571168685016
457.405712136579
