   x           y           z
 -20.000  0.2603E-82  0.7808E-84
 -19.970  0.2603E-82  0.1562E-83
 -19.940  0.2603E-82  0.2342E-83
 -19.910  0.2603E-82  0.3123E-83
 -19.880  0.2603E-82  0.3904E-83
 -19.850  0.2603E-82  0.4685E-83
 -19.820  0.2603E-82  0.5465E-83
 -19.790  0.2603E-82  0.6246E-83
 -19.760  0.2603E-82  0.7027E-83
 -19.730  0.2603E-82  0.7808E-83
 -19.700  0.2603E-82  0.8589E-83
 -19.670  0.2603E-82  0.9369E-83
 -19.640  0.2603E-82  0.1015E-82
 -19.610  0.2603E-82  0.1093E-82
 -19.580  0.2603E-82  0.1171E-82
 -19.550  0.2603E-82  0.1249E-82
 -19.520  0.2603E-82  0.1327E-82
 -19.490  0.2603E-82  0.1405E-82
 -19.460  0.2603E-82  0.1483E-82
 -19.430  0.2603E-82  0.1562E-82
 -19.400  0.2603E-82  0.1640E-82
 -19.370  0.2603E-82  0.1718E-82
 -19.340  0.2603E-82  0.1796E-82
 -19.310  0.2603E-82  0.1874E-82
 -19.280  0.2603E-82  0.1952E-82
 -19.250  0.2603E-82  0.2030E-82
 -19.220  0.2603E-82  0.2108E-82
 -19.190  0.2603E-82  0.2186E-82
 -19.160  0.2603E-82  0.2264E-82
 -19.130  0.2603E-82  0.2342E-82
 -19.100  0.2603E-82  0.2420E-82
 -19.070  0.2603E-82  0.2498E-82
 -19.040  0.2603E-82  0.2577E-82
 -19.010  0.2603E-82  0.2655E-82
 -18.980  0.2603E-82  0.2733E-82
 -18.950  0.2603E-82  0.2811E-82
 -18.920  0.2603E-82  0.2889E-82
 -18.890  0.2603E-82  0.2967E-82
 -18.860  0.2603E-82  0.3045E-82
 -18.830  0.2603E-82  0.3123E-82
 -18.800  0.2603E-82  0.3201E-82
 -18.770  0.2603E-82  0.3279E-82
 -18.740  0.2603E-82  0.3357E-82
 -18.710  0.2603E-82  0.3435E-82
 -18.680  0.2603E-82  0.3514E-82
 -18.650  0.2603E-82  0.3592E-82
 -18.620  0.2603E-82  0.3670E-82
 -18.590  0.2603E-82  0.3748E-82
 -18.560  0.2603E-82  0.3826E-82
 -18.530  0.2603E-82  0.3904E-82
 -18.500  0.2603E-82  0.3982E-82
 -18.470  0.2603E-82  0.4060E-82
 -18.440  0.2603E-82  0.4138E-82
 -18.410  0.2603E-82  0.4216E-82
 -18.380  0.2603E-82  0.4294E-82
 -18.350  0.2603E-82  0.4372E-82
 -18.320  0.2603E-82  0.4450E-82
 -18.290  0.2603E-82  0.4529E-82
 -18.260  0.2603E-82  0.4607E-82
 -18.230  0.2603E-82  0.4685E-82
 -18.200  0.2603E-82  0.4763E-82
 -18.170  0.2603E-82  0.4841E-82
 -18.140  0.2603E-82  0.4919E-82
 -18.110  0.2603E-82  0.4997E-82
 -18.080  0.2603E-82  0.5075E-82
 -18.050  0.2603E-82  0.5153E-82
 -18.020  0.2603E-82  0.5231E-82
 -17.990  0.2603E-82  0.5309E-82
 -17.960  0.2603E-82  0.5387E-82
 -17.930  0.2603E-82  0.5465E-82
 -17.900  0.2603E-82  0.5544E-82
 -17.870  0.2603E-82  0.5622E-82
 -17.840  0.2603E-82  0.5700E-82
 -17.810  0.2603E-82  0.5778E-82
 -17.780  0.2603E-82  0.5856E-82
 -17.750  0.2603E-82  0.5934E-82
 -17.720  0.2603E-82  0.6012E-82
 -17.690  0.2603E-82  0.6090E-82
 -17.660  0.2603E-82  0.6168E-82
 -17.630  0.2603E-82  0.6246E-82
 -17.600  0.2603E-82  0.6324E-82
 -17.570  0.2603E-82  0.6402E-82
 -17.540  0.2603E-82  0.6480E-82
 -17.510  0.2603E-82  0.6559E-82
 -17.480  0.2603E-82  0.6637E-82
 -17.450  0.2603E-82  0.6715E-82
 -17.420  0.2603E-82  0.6793E-82
 -17.390  0.2603E-82  0.6871E-82
 -17.360  0.2603E-82  0.6949E-82
 -17.330  0.2603E-82  0.7027E-82
 -17.300  0.2603E-82  0.7105E-82
 -17.270  0.2603E-82  0.7183E-82
 -17.240  0.2603E-82  0.7261E-82
 -17.210  0.2603E-82  0.7339E-82
 -17.180  0.2603E-82  0.7417E-82
 -17.150  0.2603E-82  0.7495E-82
 -17.120  0.2603E-82  0.7574E-82
 -17.090  0.2603E-82  0.7652E-82
 -17.060  0.2603E-82  0.7730E-82
 -17.030  0.2603E-82  0.7808E-82
 -17.000  0.2603E-82  0.7886E-82
 -16.970  0.2603E-82  0.7964E-82
 -16.940  0.2603E-82  0.8042E-82
 -16.910  0.2603E-82  0.8120E-82
 -16.880  0.2603E-82  0.8198E-82
 -16.850  0.2603E-82  0.8276E-82
 -16.820  0.2603E-82  0.8354E-82
 -16.790  0.2603E-82  0.8432E-82
 -16.760  0.2603E-82  0.8511E-82
 -16.730  0.2603E-82  0.8589E-82
 -16.700  0.2603E-82  0.8667E-82
 -16.670  0.2603E-82  0.8745E-82
 -16.640  0.2603E-82  0.8823E-82
 -16.610  0.2603E-82  0.8901E-82
 -16.580  0.2603E-82  0.8979E-82
 -16.550  0.2603E-82  0.9057E-82
 -16.520  0.2603E-82  0.9135E-82
 -16.490  0.2603E-82  0.9213E-82
 -16.460  0.2603E-82  0.9291E-82
 -16.430  0.2603E-82  0.9369E-82
 -16.400  0.2603E-82  0.9447E-82
 -16.370  0.2603E-82  0.9526E-82
 -16.340  0.2603E-82  0.9604E-82
 -16.310  0.2603E-82  0.9682E-82
 -16.280  0.2603E-82  0.9760E-82
 -16.250  0.2603E-82  0.9838E-82
 -16.220  0.2603E-82  0.9916E-82
 -16.190  0.2603E-82  0.9994E-82
 -16.160  0.2603E-82  0.1007E-81
 -16.130  0.2603E-82  0.1015E-81
 -16.100  0.2603E-82  0.1023E-81
 -16.070  0.2603E-82  0.1031E-81
 -16.040  0.2603E-82  0.1038E-81
 -16.010  0.2603E-82  0.1046E-81
 -15.980  0.2603E-82  0.1054E-81
 -15.950  0.2603E-82  0.1062E-81
 -15.920  0.2603E-82  0.1070E-81
 -15.890  0.2603E-82  0.1077E-81
 -15.860  0.2603E-82  0.1085E-81
 -15.830  0.2603E-82  0.1093E-81
 -15.800  0.2603E-82  0.1101E-81
 -15.770  0.2603E-82  0.1109E-81
 -15.740  0.2603E-82  0.1117E-81
 -15.710  0.2603E-82  0.1124E-81
 -15.680  0.2603E-82  0.1132E-81
 -15.650  0.2603E-82  0.1140E-81
 -15.620  0.2603E-82  0.1148E-81
 -15.590  0.2603E-82  0.1156E-81
 -15.560  0.2603E-82  0.1163E-81
 -15.530  0.2603E-82  0.1171E-81
 -15.500  0.2603E-82  0.1179E-81
 -15.470  0.2603E-82  0.1187E-81
 -15.440  0.2603E-82  0.1195E-81
 -15.410  0.2603E-82  0.1202E-81
 -15.380  0.2603E-82  0.1210E-81
 -15.350  0.2603E-82  0.1218E-81
 -15.320  0.2603E-82  0.1226E-81
 -15.290  0.2603E-82  0.1234E-81
 -15.260  0.2603E-82  0.1241E-81
 -15.230  0.2603E-82  0.1249E-81
 -15.200  0.2603E-82  0.1257E-81
 -15.170  0.2603E-82  0.1265E-81
 -15.140  0.2603E-82  0.1273E-81
 -15.110  0.2603E-82  0.1280E-81
 -15.080  0.2603E-82  0.1288E-81
 -15.050  0.2603E-82  0.1296E-81
 -15.020  0.2603E-82  0.1304E-81
 -14.990  0.2603E-82  0.1312E-81
 -14.960  0.2603E-82  0.1320E-81
 -14.930  0.2603E-82  0.1327E-81
 -14.900  0.2603E-82  0.1335E-81
 -14.870  0.2603E-82  0.1343E-81
 -14.840  0.2603E-82  0.1351E-81
 -14.810  0.2603E-82  0.1359E-81
 -14.780  0.2603E-82  0.1366E-81
 -14.750  0.2603E-82  0.1374E-81
 -14.720  0.2603E-82  0.1382E-81
 -14.690  0.5615E-82  0.1399E-81
 -14.660  0.1225E-70  0.3676E-72
 -14.630  0.6741E-60  0.2022E-61
 -14.600  0.5020E-50  0.1506E-51
 -14.570  0.5059E-41  0.1518E-42
 -14.540  0.6900E-33  0.2070E-34
 -14.510  0.1274E-25  0.3821E-27
 -14.480  0.3182E-19  0.9545E-21
 -14.450  0.1076E-13  0.3227E-15
 -14.420  0.4922E-09  0.1477E-10
 -14.390  0.3048E-05  0.9144E-07
 -14.360  0.2554E-02  0.7671E-04
 -14.330  0.2896E+00  0.8766E-02
 -14.300  0.4446E+01  0.1421E+00
 -14.270  0.9235E+01  0.4192E+00
 -14.240  0.2596E+01  0.4971E+00
 -14.210  0.1018E+00  0.5001E+00
 -14.180  0.5857E+00  0.5177E+00
 -14.150  0.1547E+02  0.9818E+00
 -14.120  0.5536E+02  0.2643E+01
 -14.090  0.2681E+02  0.3447E+01
 -14.060  0.1758E+01  0.3500E+01
 -14.030  0.1560E-01  0.3500E+01
 -14.000  0.1874E-04  0.3500E+01
 -13.970  0.3527E-08  0.3500E+01
 -13.940  0.3845E-05  0.3500E+01
 -13.910  0.4263E-02  0.3500E+01
 -13.880  0.6688E+00  0.3520E+01
 -13.850  0.1533E+02  0.3980E+01
 -13.820  0.5317E+02  0.5575E+01
 -13.790  0.2847E+02  0.6430E+01
 -13.760  0.2342E+01  0.6500E+01
 -13.730  0.1618E+01  0.6548E+01
 -13.700  0.2558E+02  0.7316E+01
 -13.670  0.5573E+02  0.8988E+01
 -13.640  0.1644E+02  0.9481E+01
 -13.610  0.6563E+00  0.9500E+01
 -13.580  0.3547E-02  0.9501E+01
 -13.550  0.2596E-05  0.9501E+01
 -13.520  0.2572E-09  0.9501E+01
 -13.490  0.3531E-14  0.9501E+01
 -13.460  0.1098E-10  0.9501E+01
 -13.430  0.2019E-06  0.9501E+01
 -13.400  0.5029E-03  0.9501E+01
 -13.370  0.1697E+00  0.9506E+01
 -13.340  0.7850E+01  0.9741E+01
 -13.310  0.5409E+02  0.1136E+02
 -13.280  0.8484E+02  0.1391E+02
 -13.250  0.4735E+02  0.1533E+02
 -13.220  0.5590E+01  0.1550E+02
 -13.190  0.9641E-01  0.1550E+02
 -13.160  0.6236E-03  0.1550E+02
 -13.130  0.1432E+00  0.1550E+02
 -13.100  0.6998E+01  0.1571E+02
 -13.070  0.4630E+02  0.1710E+02
 -13.040  0.4145E+02  0.1835E+02
 -13.010  0.5022E+01  0.1850E+02
 -12.980  0.8236E-01  0.1850E+02
 -12.950  0.1828E-03  0.1850E+02
 -12.920  0.7737E-07  0.1850E+02
 -12.890  0.7817E-04  0.1850E+02
 -12.860  0.3680E-01  0.1850E+02
 -12.830  0.2345E+01  0.1857E+02
 -12.800  0.2023E+02  0.1918E+02
 -12.770  0.2465E+02  0.1992E+02
 -12.740  0.2347E+02  0.2062E+02
 -12.710  0.8474E+02  0.2316E+02
 -12.680  0.9956E+02  0.2615E+02
 -12.650  0.1056E+03  0.2932E+02
 -12.620  0.5106E+02  0.3085E+02
 -12.590  0.7713E+01  0.3108E+02
 -12.560  0.3321E+02  0.3208E+02
 -12.530  0.5772E+02  0.3381E+02
 -12.500  0.7010E+02  0.3591E+02
 -12.470  0.1048E+03  0.3906E+02
 -12.440  0.3005E+02  0.3996E+02
 -12.410  0.1400E+01  0.4000E+02
 -12.380  0.4846E+01  0.4015E+02
 -12.350  0.6894E+02  0.4221E+02
 -12.320  0.1592E+03  0.4699E+02
 -12.290  0.9680E+02  0.4989E+02
 -12.260  0.9943E+02  0.5288E+02
 -12.230  0.8968E+02  0.5557E+02
 -12.200  0.1031E+03  0.5866E+02
 -12.170  0.1080E+03  0.6190E+02
 -12.140  0.5750E+02  0.6363E+02
 -12.110  0.1495E+03  0.6811E+02
 -12.080  0.1496E+03  0.7260E+02
 -12.050  0.7721E+02  0.7492E+02
 -12.020  0.6677E+02  0.7692E+02
 -11.990  0.2625E+02  0.7771E+02
 -11.960  0.7714E+02  0.8002E+02
 -11.930  0.2278E+03  0.8685E+02
 -11.900  0.1719E+03  0.9201E+02
 -11.870  0.6230E+02  0.9388E+02
 -11.840  0.6538E+02  0.9584E+02
 -11.810  0.7112E+02  0.9798E+02
 -11.780  0.5440E+02  0.9961E+02
 -11.750  0.1256E+02  0.9998E+02
 -11.720  0.4957E+00  0.1000E+03
 -11.690  0.2902E-02  0.1000E+03
 -11.660  0.2392E-05  0.1000E+03
 -11.630  0.2712E-09  0.1000E+03
 -11.600  0.4187E-14  0.1000E+03
 -11.570  0.8769E-20  0.1000E+03
 -11.540  0.2488E-26  0.1000E+03
 -11.510  0.9558E-34  0.1000E+03
 -11.480  0.4969E-42  0.1000E+03
 -11.450  0.3497E-51  0.1000E+03
 -11.420  0.3331E-61  0.1000E+03
 -11.390  0.4293E-72  0.1000E+03
 -11.360  0.2674E-82  0.1000E+03
 -11.330  0.2603E-82  0.1000E+03
 -11.300  0.2603E-82  0.1000E+03
 -11.270  0.2603E-82  0.1000E+03
 -11.240  0.2603E-82  0.1000E+03
 -11.210  0.2603E-82  0.1000E+03
 -11.180  0.2603E-82  0.1000E+03
 -11.150  0.2603E-82  0.1000E+03
 -11.120  0.2603E-82  0.1000E+03
 -11.090  0.2603E-82  0.1000E+03
 -11.060  0.2603E-82  0.1000E+03
 -11.030  0.2603E-82  0.1000E+03
 -11.000  0.2603E-82  0.1000E+03
 -10.970  0.2603E-82  0.1000E+03
 -10.940  0.2603E-82  0.1000E+03
 -10.910  0.2603E-82  0.1000E+03
 -10.880  0.2603E-82  0.1000E+03
 -10.850  0.2603E-82  0.1000E+03
 -10.820  0.2603E-82  0.1000E+03
 -10.790  0.2603E-82  0.1000E+03
 -10.760  0.2603E-82  0.1000E+03
 -10.730  0.2603E-82  0.1000E+03
 -10.700  0.2603E-82  0.1000E+03
 -10.670  0.2603E-82  0.1000E+03
 -10.640  0.2603E-82  0.1000E+03
 -10.610  0.2603E-82  0.1000E+03
 -10.580  0.2603E-82  0.1000E+03
 -10.550  0.2603E-82  0.1000E+03
 -10.520  0.2603E-82  0.1000E+03
 -10.490  0.2603E-82  0.1000E+03
 -10.460  0.2603E-82  0.1000E+03
 -10.430  0.2603E-82  0.1000E+03
 -10.400  0.2603E-82  0.1000E+03
 -10.370  0.2603E-82  0.1000E+03
 -10.340  0.2603E-82  0.1000E+03
 -10.310  0.2603E-82  0.1000E+03
 -10.280  0.2603E-82  0.1000E+03
 -10.250  0.2603E-82  0.1000E+03
 -10.220  0.2603E-82  0.1000E+03
 -10.190  0.2603E-82  0.1000E+03
 -10.160  0.2603E-82  0.1000E+03
 -10.130  0.2603E-82  0.1000E+03
 -10.100  0.2603E-82  0.1000E+03
 -10.070  0.2603E-82  0.1000E+03
 -10.040  0.2603E-82  0.1000E+03
 -10.010  0.2603E-82  0.1000E+03
  -9.980  0.2603E-82  0.1000E+03
  -9.950  0.2603E-82  0.1000E+03
  -9.920  0.2603E-82  0.1000E+03
  -9.890  0.2603E-82  0.1000E+03
  -9.860  0.2603E-82  0.1000E+03
  -9.830  0.2603E-82  0.1000E+03
  -9.800  0.2603E-82  0.1000E+03
  -9.770  0.2603E-82  0.1000E+03
  -9.740  0.2603E-82  0.1000E+03
  -9.710  0.2603E-82  0.1000E+03
  -9.680  0.2603E-82  0.1000E+03
  -9.650  0.2603E-82  0.1000E+03
  -9.620  0.2603E-82  0.1000E+03
  -9.590  0.2603E-82  0.1000E+03
  -9.560  0.2603E-82  0.1000E+03
  -9.530  0.2603E-82  0.1000E+03
  -9.500  0.2603E-82  0.1000E+03
  -9.470  0.2603E-82  0.1000E+03
  -9.440  0.2603E-82  0.1000E+03
  -9.410  0.2603E-82  0.1000E+03
  -9.380  0.2603E-82  0.1000E+03
  -9.350  0.2603E-82  0.1000E+03
  -9.320  0.2603E-82  0.1000E+03
  -9.290  0.2603E-82  0.1000E+03
  -9.260  0.2603E-82  0.1000E+03
  -9.230  0.2603E-82  0.1000E+03
  -9.200  0.2603E-82  0.1000E+03
  -9.170  0.2603E-82  0.1000E+03
  -9.140  0.2603E-82  0.1000E+03
  -9.110  0.2603E-82  0.1000E+03
  -9.080  0.2603E-82  0.1000E+03
  -9.050  0.2603E-82  0.1000E+03
  -9.020  0.2603E-82  0.1000E+03
  -8.990  0.2603E-82  0.1000E+03
  -8.960  0.2603E-82  0.1000E+03
  -8.930  0.2603E-82  0.1000E+03
  -8.900  0.2603E-82  0.1000E+03
  -8.870  0.2603E-82  0.1000E+03
  -8.840  0.2603E-82  0.1000E+03
  -8.810  0.2603E-82  0.1000E+03
  -8.780  0.2603E-82  0.1000E+03
  -8.750  0.2603E-82  0.1000E+03
  -8.720  0.2603E-82  0.1000E+03
  -8.690  0.2603E-82  0.1000E+03
  -8.660  0.2603E-82  0.1000E+03
  -8.630  0.2603E-82  0.1000E+03
  -8.600  0.2603E-82  0.1000E+03
  -8.570  0.2603E-82  0.1000E+03
  -8.540  0.2603E-82  0.1000E+03
  -8.510  0.2603E-82  0.1000E+03
  -8.480  0.2603E-82  0.1000E+03
  -8.450  0.2603E-82  0.1000E+03
  -8.420  0.2603E-82  0.1000E+03
  -8.390  0.2603E-82  0.1000E+03
  -8.360  0.2603E-82  0.1000E+03
  -8.330  0.2603E-82  0.1000E+03
  -8.300  0.2603E-82  0.1000E+03
  -8.270  0.2603E-82  0.1000E+03
  -8.240  0.2603E-82  0.1000E+03
  -8.210  0.2603E-82  0.1000E+03
  -8.180  0.2603E-82  0.1000E+03
  -8.150  0.2603E-82  0.1000E+03
  -8.120  0.2603E-82  0.1000E+03
  -8.090  0.2603E-82  0.1000E+03
  -8.060  0.2603E-82  0.1000E+03
  -8.030  0.2603E-82  0.1000E+03
  -8.000  0.2603E-82  0.1000E+03
  -7.970  0.2603E-82  0.1000E+03
  -7.940  0.2603E-82  0.1000E+03
  -7.910  0.2603E-82  0.1000E+03
  -7.880  0.2603E-82  0.1000E+03
  -7.850  0.2603E-82  0.1000E+03
  -7.820  0.2603E-82  0.1000E+03
  -7.790  0.2603E-82  0.1000E+03
  -7.760  0.2603E-82  0.1000E+03
  -7.730  0.2603E-82  0.1000E+03
  -7.700  0.2603E-82  0.1000E+03
  -7.670  0.2603E-82  0.1000E+03
  -7.640  0.2603E-82  0.1000E+03
  -7.610  0.2603E-82  0.1000E+03
  -7.580  0.2603E-82  0.1000E+03
  -7.550  0.2603E-82  0.1000E+03
  -7.520  0.2603E-82  0.1000E+03
  -7.490  0.2603E-82  0.1000E+03
  -7.460  0.2603E-82  0.1000E+03
  -7.430  0.2603E-82  0.1000E+03
  -7.400  0.2603E-82  0.1000E+03
  -7.370  0.2603E-82  0.1000E+03
  -7.340  0.2603E-82  0.1000E+03
  -7.310  0.2603E-82  0.1000E+03
  -7.280  0.2603E-82  0.1000E+03
  -7.250  0.2603E-82  0.1000E+03
  -7.220  0.2603E-82  0.1000E+03
  -7.190  0.2603E-82  0.1000E+03
  -7.160  0.2603E-82  0.1000E+03
  -7.130  0.2603E-82  0.1000E+03
  -7.100  0.2603E-82  0.1000E+03
  -7.070  0.2603E-82  0.1000E+03
  -7.040  0.2603E-82  0.1000E+03
  -7.010  0.2603E-82  0.1000E+03
  -6.980  0.2603E-82  0.1000E+03
  -6.950  0.2603E-82  0.1000E+03
  -6.920  0.2603E-82  0.1000E+03
  -6.890  0.2603E-82  0.1000E+03
  -6.860  0.2603E-82  0.1000E+03
  -6.830  0.2603E-82  0.1000E+03
  -6.800  0.2603E-82  0.1000E+03
  -6.770  0.2603E-82  0.1000E+03
  -6.740  0.2603E-82  0.1000E+03
  -6.710  0.2603E-82  0.1000E+03
  -6.680  0.2603E-82  0.1000E+03
  -6.650  0.2603E-82  0.1000E+03
  -6.620  0.2603E-82  0.1000E+03
  -6.590  0.2603E-82  0.1000E+03
  -6.560  0.2603E-82  0.1000E+03
  -6.530  0.2603E-82  0.1000E+03
  -6.500  0.2603E-82  0.1000E+03
  -6.470  0.2603E-82  0.1000E+03
  -6.440  0.2603E-82  0.1000E+03
  -6.410  0.2603E-82  0.1000E+03
  -6.380  0.2603E-82  0.1000E+03
  -6.350  0.1602E-75  0.1000E+03
  -6.320  0.2262E-64  0.1000E+03
  -6.290  0.4321E-54  0.1000E+03
  -6.260  0.1117E-44  0.1000E+03
  -6.230  0.3909E-36  0.1000E+03
  -6.200  0.1851E-28  0.1000E+03
  -6.170  0.1186E-21  0.1000E+03
  -6.140  0.1029E-15  0.1000E+03
  -6.110  0.1208E-10  0.1000E+03
  -6.080  0.1919E-06  0.1000E+03
  -6.050  0.4125E-03  0.1000E+03
  -6.020  0.1200E+00  0.1000E+03
  -5.990  0.4726E+01  0.1001E+03
  -5.960  0.2519E+02  0.1009E+03
  -5.930  0.1817E+02  0.1014E+03
  -5.900  0.1773E+01  0.1015E+03
  -5.870  0.4967E-01  0.1015E+03
  -5.840  0.1244E+01  0.1015E+03
  -5.810  0.9202E+01  0.1018E+03
  -5.780  0.3085E+02  0.1027E+03
  -5.750  0.6956E+02  0.1048E+03
  -5.720  0.7263E+02  0.1070E+03
  -5.690  0.5150E+02  0.1085E+03
  -5.660  0.6173E+02  0.1104E+03
  -5.630  0.5539E+02  0.1121E+03
  -5.600  0.5328E+02  0.1137E+03
  -5.570  0.1096E+02  0.1140E+03
  -5.540  0.3112E+00  0.1140E+03
  -5.510  0.9548E-02  0.1140E+03
  -5.480  0.9189E+00  0.1140E+03
  -5.450  0.1369E+02  0.1144E+03
  -5.420  0.2774E+02  0.1153E+03
  -5.390  0.1302E+02  0.1157E+03
  -5.360  0.2669E+02  0.1165E+03
  -5.330  0.3218E+02  0.1174E+03
  -5.300  0.1389E+03  0.1216E+03
  -5.270  0.2552E+03  0.1293E+03
  -5.240  0.1095E+03  0.1325E+03
  -5.210  0.2872E+02  0.1334E+03
  -5.180  0.1593E+02  0.1339E+03
  -5.150  0.7273E+02  0.1361E+03
  -5.120  0.5952E+02  0.1378E+03
  -5.090  0.3010E+02  0.1387E+03
  -5.060  0.8259E+02  0.1412E+03
  -5.030  0.9165E+02  0.1440E+03
  -5.000  0.8761E+02  0.1466E+03
  -4.970  0.7159E+02  0.1488E+03
  -4.940  0.4046E+02  0.1500E+03
  -4.910  0.3586E+02  0.1510E+03
  -4.880  0.6357E+02  0.1529E+03
  -4.850  0.6396E+02  0.1549E+03
  -4.820  0.4854E+02  0.1563E+03
  -4.790  0.6023E+02  0.1581E+03
  -4.760  0.7542E+02  0.1604E+03
  -4.730  0.1353E+03  0.1645E+03
  -4.700  0.1231E+03  0.1681E+03
  -4.670  0.4236E+02  0.1694E+03
  -4.640  0.2771E+01  0.1695E+03
  -4.610  0.2672E-01  0.1695E+03
  -4.580  0.3658E-04  0.1695E+03
  -4.550  0.2043E-03  0.1695E+03
  -4.520  0.8920E-01  0.1695E+03
  -4.490  0.5271E+01  0.1697E+03
  -4.460  0.4216E+02  0.1709E+03
  -4.430  0.4565E+02  0.1723E+03
  -4.400  0.6688E+01  0.1725E+03
  -4.370  0.1326E+00  0.1725E+03
  -4.340  0.3567E-03  0.1725E+03
  -4.310  0.1406E-02  0.1725E+03
  -4.280  0.4080E+00  0.1725E+03
  -4.250  0.1662E+02  0.1730E+03
  -4.220  0.9566E+02  0.1759E+03
  -4.190  0.7811E+02  0.1782E+03
  -4.160  0.9176E+01  0.1785E+03
  -4.130  0.7019E+01  0.1787E+03
  -4.100  0.5480E+02  0.1804E+03
  -4.070  0.1389E+03  0.1845E+03
  -4.040  0.1615E+03  0.1894E+03
  -4.010  0.3685E+02  0.1905E+03
  -3.980  0.1324E+02  0.1909E+03
  -3.950  0.1255E+03  0.1946E+03
  -3.920  0.2778E+03  0.2030E+03
  -3.890  0.1800E+03  0.2084E+03
  -3.860  0.1052E+03  0.2115E+03
  -3.830  0.4861E+02  0.2130E+03
  -3.800  0.3678E+02  0.2141E+03
  -3.770  0.1084E+03  0.2173E+03
  -3.740  0.1292E+03  0.2212E+03
  -3.710  0.9096E+02  0.2239E+03
  -3.680  0.3867E+02  0.2251E+03
  -3.650  0.4526E+02  0.2265E+03
  -3.620  0.4491E+02  0.2278E+03
  -3.590  0.6345E+01  0.2280E+03
  -3.560  0.1214E+00  0.2280E+03
  -3.530  0.3290E-03  0.2280E+03
  -3.500  0.1086E-01  0.2280E+03
  -3.470  0.1123E+01  0.2280E+03
  -3.440  0.1780E+02  0.2286E+03
  -3.410  0.7114E+02  0.2307E+03
  -3.380  0.1437E+03  0.2350E+03
  -3.350  0.1193E+03  0.2386E+03
  -3.320  0.4305E+02  0.2399E+03
  -3.290  0.3811E+01  0.2400E+03
  -3.260  0.5107E-01  0.2400E+03
  -3.230  0.4446E-02  0.2400E+03
  -3.200  0.9048E+00  0.2400E+03
  -3.170  0.2612E+02  0.2408E+03
  -3.140  0.1061E+03  0.2440E+03
  -3.110  0.6342E+02  0.2459E+03
  -3.080  0.3435E+02  0.2469E+03
  -3.050  0.8216E+02  0.2494E+03
  -3.020  0.6537E+02  0.2514E+03
  -2.990  0.8254E+02  0.2538E+03
  -2.960  0.1540E+03  0.2584E+03
  -2.930  0.2142E+03  0.2649E+03
  -2.900  0.1106E+03  0.2682E+03
  -2.870  0.3222E+02  0.2692E+03
  -2.840  0.1046E+03  0.2723E+03
  -2.810  0.1352E+03  0.2764E+03
  -2.780  0.3685E+02  0.2775E+03
  -2.750  0.9338E+01  0.2777E+03
  -2.720  0.6277E+02  0.2796E+03
  -2.690  0.1407E+03  0.2838E+03
  -2.660  0.1059E+03  0.2870E+03
  -2.630  0.9611E+02  0.2899E+03
  -2.600  0.5966E+02  0.2917E+03
  -2.570  0.2592E+02  0.2925E+03
  -2.540  0.1797E+02  0.2930E+03
  -2.510  0.5520E+02  0.2947E+03
  -2.480  0.8393E+02  0.2972E+03
  -2.450  0.5281E+02  0.2988E+03
  -2.420  0.7563E+01  0.2990E+03
  -2.390  0.1600E+00  0.2990E+03
  -2.360  0.4629E-03  0.2990E+03
  -2.330  0.3753E-03  0.2990E+03
  -2.300  0.1166E+00  0.2990E+03
  -2.270  0.5364E+01  0.2992E+03
  -2.240  0.4423E+02  0.3005E+03
  -2.210  0.8303E+02  0.3030E+03
  -2.180  0.4092E+02  0.3042E+03
  -2.150  0.5146E+02  0.3058E+03
  -2.120  0.3770E+02  0.3069E+03
  -2.090  0.8451E+01  0.3071E+03
  -2.060  0.3724E+02  0.3083E+03
  -2.030  0.5563E+02  0.3099E+03
  -2.000  0.5123E+02  0.3115E+03
  -1.970  0.7052E+02  0.3136E+03
  -1.940  0.5051E+02  0.3151E+03
  -1.910  0.5863E+02  0.3169E+03
  -1.880  0.5909E+02  0.3186E+03
  -1.850  0.2900E+02  0.3195E+03
  -1.820  0.5927E+02  0.3213E+03
  -1.790  0.1964E+03  0.3272E+03
  -1.760  0.2182E+03  0.3337E+03
  -1.730  0.7039E+02  0.3358E+03
  -1.700  0.3453E+02  0.3369E+03
  -1.670  0.5401E+02  0.3385E+03
  -1.640  0.1170E+03  0.3420E+03
  -1.610  0.9038E+02  0.3447E+03
  -1.580  0.1281E+03  0.3485E+03
  -1.550  0.1377E+03  0.3527E+03
  -1.520  0.1353E+03  0.3567E+03
  -1.490  0.6508E+02  0.3587E+03
  -1.460  0.6963E+02  0.3608E+03
  -1.430  0.1079E+03  0.3640E+03
  -1.400  0.1020E+03  0.3671E+03
  -1.370  0.9537E+02  0.3699E+03
  -1.340  0.9759E+02  0.3729E+03
  -1.310  0.3361E+02  0.3739E+03
  -1.280  0.5725E+02  0.3756E+03
  -1.250  0.4045E+02  0.3768E+03
  -1.220  0.6424E+01  0.3770E+03
  -1.190  0.4140E+00  0.3770E+03
  -1.160  0.7398E+01  0.3772E+03
  -1.130  0.4697E+02  0.3786E+03
  -1.100  0.4236E+02  0.3799E+03
  -1.070  0.3086E+02  0.3808E+03
  -1.040  0.6613E+02  0.3828E+03
  -1.010  0.6828E+02  0.3849E+03
  -0.980  0.1526E+03  0.3894E+03
  -0.950  0.1235E+03  0.3931E+03
  -0.920  0.6533E+02  0.3951E+03
  -0.890  0.1831E+02  0.3957E+03
  -0.860  0.2948E+02  0.3965E+03
  -0.830  0.4508E+02  0.3979E+03
  -0.800  0.5051E+02  0.3994E+03
  -0.770  0.1848E+02  0.4000E+03
  -0.740  0.1254E+01  0.4000E+03
  -0.710  0.1665E-01  0.4000E+03
  -0.680  0.7406E+00  0.4000E+03
  -0.650  0.2133E+02  0.4007E+03
  -0.620  0.1149E+03  0.4041E+03
  -0.590  0.1347E+03  0.4081E+03
  -0.560  0.4448E+02  0.4095E+03
  -0.530  0.2948E+02  0.4104E+03
  -0.500  0.3376E+02  0.4114E+03
  -0.470  0.5546E+02  0.4130E+03
  -0.440  0.2135E+02  0.4137E+03
  -0.410  0.3716E+02  0.4148E+03
  -0.380  0.6931E+02  0.4169E+03
  -0.350  0.7924E+02  0.4193E+03
  -0.320  0.1348E+03  0.4233E+03
  -0.290  0.1138E+03  0.4267E+03
  -0.260  0.4452E+02  0.4281E+03
  -0.230  0.1403E+02  0.4285E+03
  -0.200  0.9108E+00  0.4285E+03
  -0.170  0.2157E+00  0.4285E+03
  -0.140  0.8916E+01  0.4288E+03
  -0.110  0.5805E+02  0.4305E+03
  -0.080  0.9322E+02  0.4333E+03
  -0.050  0.7387E+02  0.4355E+03
  -0.020  0.2961E+02  0.4364E+03
   0.010  0.7092E+02  0.4385E+03
   0.040  0.6652E+02  0.4405E+03
   0.070  0.5767E+02  0.4423E+03
   0.100  0.3711E+02  0.4434E+03
   0.130  0.3843E+01  0.4435E+03
   0.160  0.5575E-01  0.4435E+03
   0.190  0.4943E-03  0.4435E+03
   0.220  0.1231E+00  0.4435E+03
   0.250  0.6014E+01  0.4437E+03
   0.280  0.4978E+02  0.4452E+03
   0.310  0.7449E+02  0.4474E+03
   0.340  0.1899E+02  0.4480E+03
   0.370  0.3480E+01  0.4481E+03
   0.400  0.9300E+01  0.4484E+03
   0.430  0.4632E+01  0.4485E+03
   0.460  0.9224E+01  0.4488E+03
   0.490  0.2807E+02  0.4496E+03
   0.520  0.1190E+02  0.4500E+03
   0.550  0.6825E+00  0.4500E+03
   0.580  0.5299E-02  0.4500E+03
   0.610  0.5568E-05  0.4500E+03
   0.640  0.7917E-09  0.4500E+03
   0.670  0.1524E-13  0.4500E+03
   0.700  0.3968E-19  0.4500E+03
   0.730  0.1399E-25  0.4500E+03
   0.760  0.6672E-33  0.4500E+03
   0.790  0.4307E-41  0.4500E+03
   0.820  0.3763E-50  0.4500E+03
   0.850  0.4450E-60  0.4500E+03
   0.880  0.7121E-71  0.4500E+03
   0.910  0.4141E-82  0.4500E+03
   0.940  0.2603E-82  0.4500E+03
   0.970  0.2603E-82  0.4500E+03
   1.000  0.2603E-82  0.4500E+03
   1.030  0.2603E-82  0.4500E+03
   1.060  0.2603E-82  0.4500E+03
   1.090  0.2603E-82  0.4500E+03
   1.120  0.2603E-82  0.4500E+03
   1.150  0.2603E-82  0.4500E+03
   1.180  0.2603E-82  0.4500E+03
   1.210  0.2603E-82  0.4500E+03
   1.240  0.2603E-82  0.4500E+03
   1.270  0.2603E-82  0.4500E+03
   1.300  0.2603E-82  0.4500E+03
   1.330  0.2603E-82  0.4500E+03
   1.360  0.2603E-82  0.4500E+03
   1.390  0.2603E-82  0.4500E+03
   1.420  0.2603E-82  0.4500E+03
   1.450  0.2603E-82  0.4500E+03
   1.480  0.2603E-82  0.4500E+03
   1.510  0.2603E-82  0.4500E+03
   1.540  0.2603E-82  0.4500E+03
   1.570  0.2603E-82  0.4500E+03
   1.600  0.2603E-82  0.4500E+03
   1.630  0.2603E-82  0.4500E+03
   1.660  0.2603E-82  0.4500E+03
   1.690  0.2603E-82  0.4500E+03
   1.720  0.2603E-82  0.4500E+03
   1.750  0.2603E-82  0.4500E+03
   1.780  0.2603E-82  0.4500E+03
   1.810  0.2603E-82  0.4500E+03
   1.840  0.2603E-82  0.4500E+03
   1.870  0.2603E-82  0.4500E+03
   1.900  0.2603E-82  0.4500E+03
   1.930  0.2603E-82  0.4500E+03
   1.960  0.2603E-82  0.4500E+03
   1.990  0.2603E-82  0.4500E+03
   2.020  0.2603E-82  0.4500E+03
   2.050  0.2603E-82  0.4500E+03
   2.080  0.2603E-82  0.4500E+03
   2.110  0.2603E-82  0.4500E+03
   2.140  0.2603E-82  0.4500E+03
   2.170  0.2603E-82  0.4500E+03
   2.200  0.2603E-82  0.4500E+03
   2.230  0.2603E-82  0.4500E+03
   2.260  0.2603E-82  0.4500E+03
   2.290  0.2603E-82  0.4500E+03
   2.320  0.2603E-82  0.4500E+03
   2.350  0.2603E-82  0.4500E+03
   2.380  0.2603E-82  0.4500E+03
   2.410  0.2603E-82  0.4500E+03
   2.440  0.2603E-82  0.4500E+03
   2.470  0.2603E-82  0.4500E+03
   2.500  0.2603E-82  0.4500E+03
   2.530  0.2603E-82  0.4500E+03
   2.560  0.2603E-82  0.4500E+03
   2.590  0.2603E-82  0.4500E+03
   2.620  0.2603E-82  0.4500E+03
   2.650  0.2603E-82  0.4500E+03
   2.680  0.2603E-82  0.4500E+03
   2.710  0.2603E-82  0.4500E+03
   2.740  0.2603E-82  0.4500E+03
   2.770  0.2603E-82  0.4500E+03
   2.800  0.2603E-82  0.4500E+03
   2.830  0.2603E-82  0.4500E+03
   2.860  0.2603E-82  0.4500E+03
   2.890  0.2603E-82  0.4500E+03
   2.920  0.2603E-82  0.4500E+03
   2.950  0.2603E-82  0.4500E+03
   2.980  0.2603E-82  0.4500E+03
   3.010  0.2603E-82  0.4500E+03
   3.040  0.2603E-82  0.4500E+03
   3.070  0.2603E-82  0.4500E+03
   3.100  0.2603E-82  0.4500E+03
   3.130  0.2603E-82  0.4500E+03
   3.160  0.2603E-82  0.4500E+03
   3.190  0.2603E-82  0.4500E+03
   3.220  0.2603E-82  0.4500E+03
   3.250  0.2603E-82  0.4500E+03
   3.280  0.2603E-82  0.4500E+03
   3.310  0.2603E-82  0.4500E+03
   3.340  0.2603E-82  0.4500E+03
   3.370  0.2603E-82  0.4500E+03
   3.400  0.2603E-82  0.4500E+03
   3.430  0.2603E-82  0.4500E+03
   3.460  0.2603E-82  0.4500E+03
   3.490  0.2603E-82  0.4500E+03
   3.520  0.2603E-82  0.4500E+03
   3.550  0.2603E-82  0.4500E+03
   3.580  0.2603E-82  0.4500E+03
   3.610  0.2603E-82  0.4500E+03
   3.640  0.2603E-82  0.4500E+03
   3.670  0.2603E-82  0.4500E+03
   3.700  0.2603E-82  0.4500E+03
   3.730  0.2603E-82  0.4500E+03
   3.760  0.2603E-82  0.4500E+03
   3.790  0.2603E-82  0.4500E+03
   3.820  0.2603E-82  0.4500E+03
   3.850  0.2603E-82  0.4500E+03
   3.880  0.2603E-82  0.4500E+03
   3.910  0.2603E-82  0.4500E+03
   3.940  0.2603E-82  0.4500E+03
   3.970  0.2603E-82  0.4500E+03
   4.000  0.2603E-82  0.4500E+03
   4.030  0.2603E-82  0.4500E+03
   4.060  0.2603E-82  0.4500E+03
   4.090  0.2603E-82  0.4500E+03
   4.120  0.2603E-82  0.4500E+03
   4.150  0.2603E-82  0.4500E+03
   4.180  0.2603E-82  0.4500E+03
   4.210  0.2603E-82  0.4500E+03
   4.240  0.2603E-82  0.4500E+03
   4.270  0.2603E-82  0.4500E+03
   4.300  0.2603E-82  0.4500E+03
   4.330  0.2603E-82  0.4500E+03
   4.360  0.2603E-82  0.4500E+03
   4.390  0.2603E-82  0.4500E+03
   4.420  0.2603E-82  0.4500E+03
   4.450  0.2603E-82  0.4500E+03
   4.480  0.2603E-82  0.4500E+03
   4.510  0.2603E-82  0.4500E+03
   4.540  0.2603E-82  0.4500E+03
   4.570  0.2603E-82  0.4500E+03
   4.600  0.2603E-82  0.4500E+03
   4.630  0.2603E-82  0.4500E+03
   4.660  0.2603E-82  0.4500E+03
   4.690  0.2603E-82  0.4500E+03
   4.720  0.2603E-82  0.4500E+03
   4.750  0.2603E-82  0.4500E+03
   4.780  0.2603E-82  0.4500E+03
   4.810  0.2603E-82  0.4500E+03
   4.840  0.2603E-82  0.4500E+03
   4.870  0.2603E-82  0.4500E+03
   4.900  0.2603E-82  0.4500E+03
   4.930  0.2603E-82  0.4500E+03
   4.960  0.2603E-82  0.4500E+03
   4.990  0.2603E-82  0.4500E+03
   5.020  0.2603E-82  0.4500E+03
   5.050  0.2603E-82  0.4500E+03
   5.080  0.2603E-82  0.4500E+03
   5.110  0.2603E-82  0.4500E+03
   5.140  0.2603E-82  0.4500E+03
   5.170  0.2603E-82  0.4500E+03
   5.200  0.2603E-82  0.4500E+03
   5.230  0.2603E-82  0.4500E+03
   5.260  0.2603E-82  0.4500E+03
   5.290  0.2603E-82  0.4500E+03
   5.320  0.2603E-82  0.4500E+03
   5.350  0.2603E-82  0.4500E+03
   5.380  0.2603E-82  0.4500E+03
   5.410  0.2603E-82  0.4500E+03
   5.440  0.2603E-82  0.4500E+03
   5.470  0.2603E-82  0.4500E+03
   5.500  0.2603E-82  0.4500E+03
   5.530  0.2603E-82  0.4500E+03
   5.560  0.2603E-82  0.4500E+03
   5.590  0.2603E-82  0.4500E+03
   5.620  0.2603E-82  0.4500E+03
   5.650  0.2603E-82  0.4500E+03
   5.680  0.2603E-82  0.4500E+03
   5.710  0.2603E-82  0.4500E+03
   5.740  0.2603E-82  0.4500E+03
   5.770  0.2603E-82  0.4500E+03
   5.800  0.2603E-82  0.4500E+03
   5.830  0.2603E-82  0.4500E+03
   5.860  0.2603E-82  0.4500E+03
   5.890  0.2603E-82  0.4500E+03
   5.920  0.2603E-82  0.4500E+03
   5.950  0.2603E-82  0.4500E+03
   5.980  0.2603E-82  0.4500E+03
   6.010  0.2603E-82  0.4500E+03
   6.040  0.2603E-82  0.4500E+03
   6.070  0.2603E-82  0.4500E+03
   6.100  0.2603E-82  0.4500E+03
   6.130  0.2603E-82  0.4500E+03
   6.160  0.2603E-82  0.4500E+03
   6.190  0.2603E-82  0.4500E+03
   6.220  0.2603E-82  0.4500E+03
   6.250  0.2603E-82  0.4500E+03
   6.280  0.2603E-82  0.4500E+03
   6.310  0.2603E-82  0.4500E+03
   6.340  0.2603E-82  0.4500E+03
   6.370  0.2603E-82  0.4500E+03
   6.400  0.2603E-82  0.4500E+03
   6.430  0.2603E-82  0.4500E+03
   6.460  0.2603E-82  0.4500E+03
   6.490  0.2603E-82  0.4500E+03
   6.520  0.2603E-82  0.4500E+03
   6.550  0.2603E-82  0.4500E+03
   6.580  0.2603E-82  0.4500E+03
   6.610  0.2603E-82  0.4500E+03
   6.640  0.2603E-82  0.4500E+03
   6.670  0.2603E-82  0.4500E+03
   6.700  0.2603E-82  0.4500E+03
   6.730  0.2603E-82  0.4500E+03
   6.760  0.2603E-82  0.4500E+03
   6.790  0.2603E-82  0.4500E+03
   6.820  0.2603E-82  0.4500E+03
   6.850  0.2603E-82  0.4500E+03
   6.880  0.2603E-82  0.4500E+03
   6.910  0.2603E-82  0.4500E+03
   6.940  0.2603E-82  0.4500E+03
   6.970  0.2603E-82  0.4500E+03
   7.000  0.2603E-82  0.4500E+03
   7.030  0.2603E-82  0.4500E+03
   7.060  0.2603E-82  0.4500E+03
   7.090  0.2603E-82  0.4500E+03
   7.120  0.2603E-82  0.4500E+03
   7.150  0.2603E-82  0.4500E+03
   7.180  0.2603E-82  0.4500E+03
   7.210  0.2603E-82  0.4500E+03
   7.240  0.2603E-82  0.4500E+03
   7.270  0.2603E-82  0.4500E+03
   7.300  0.2603E-82  0.4500E+03
   7.330  0.2603E-82  0.4500E+03
   7.360  0.2603E-82  0.4500E+03
   7.390  0.2603E-82  0.4500E+03
   7.420  0.2603E-82  0.4500E+03
   7.450  0.2603E-82  0.4500E+03
   7.480  0.2603E-82  0.4500E+03
   7.510  0.2603E-82  0.4500E+03
   7.540  0.2603E-82  0.4500E+03
   7.570  0.2603E-82  0.4500E+03
   7.600  0.2603E-82  0.4500E+03
   7.630  0.2603E-82  0.4500E+03
   7.660  0.2603E-82  0.4500E+03
   7.690  0.2603E-82  0.4500E+03
   7.720  0.2603E-82  0.4500E+03
   7.750  0.2603E-82  0.4500E+03
   7.780  0.2603E-82  0.4500E+03
   7.810  0.2603E-82  0.4500E+03
   7.840  0.2603E-82  0.4500E+03
   7.870  0.2603E-82  0.4500E+03
   7.900  0.2603E-82  0.4500E+03
   7.930  0.2603E-82  0.4500E+03
   7.960  0.2603E-82  0.4500E+03
   7.990  0.2603E-82  0.4500E+03
   8.020  0.2603E-82  0.4500E+03
   8.050  0.2603E-82  0.4500E+03
   8.080  0.2603E-82  0.4500E+03
   8.110  0.2603E-82  0.4500E+03
   8.140  0.2603E-82  0.4500E+03
   8.170  0.2603E-82  0.4500E+03
   8.200  0.2603E-82  0.4500E+03
   8.230  0.2603E-82  0.4500E+03
   8.260  0.2603E-82  0.4500E+03
   8.290  0.2603E-82  0.4500E+03
   8.320  0.2603E-82  0.4500E+03
   8.350  0.2603E-82  0.4500E+03
   8.380  0.2603E-82  0.4500E+03
   8.410  0.2603E-82  0.4500E+03
   8.440  0.2603E-82  0.4500E+03
   8.470  0.2603E-82  0.4500E+03
   8.500  0.2603E-82  0.4500E+03
   8.530  0.2603E-82  0.4500E+03
   8.560  0.2603E-82  0.4500E+03
   8.590  0.2603E-82  0.4500E+03
   8.620  0.2603E-82  0.4500E+03
   8.650  0.2603E-82  0.4500E+03
   8.680  0.2603E-82  0.4500E+03
   8.710  0.2603E-82  0.4500E+03
   8.740  0.2603E-82  0.4500E+03
   8.770  0.2603E-82  0.4500E+03
   8.800  0.2603E-82  0.4500E+03
   8.830  0.2603E-82  0.4500E+03
   8.860  0.2603E-82  0.4500E+03
   8.890  0.2603E-82  0.4500E+03
   8.920  0.2603E-82  0.4500E+03
   8.950  0.2603E-82  0.4500E+03
   8.980  0.2603E-82  0.4500E+03
   9.010  0.2603E-82  0.4500E+03
   9.040  0.2603E-82  0.4500E+03
   9.070  0.2603E-82  0.4500E+03
   9.100  0.2603E-82  0.4500E+03
   9.130  0.2603E-82  0.4500E+03
   9.160  0.2603E-82  0.4500E+03
   9.190  0.2603E-82  0.4500E+03
   9.220  0.2603E-82  0.4500E+03
   9.250  0.2603E-82  0.4500E+03
   9.280  0.2603E-82  0.4500E+03
   9.310  0.2603E-82  0.4500E+03
   9.340  0.2603E-82  0.4500E+03
   9.370  0.2603E-82  0.4500E+03
   9.400  0.2603E-82  0.4500E+03
   9.430  0.2603E-82  0.4500E+03
   9.460  0.2603E-82  0.4500E+03
   9.490  0.2603E-82  0.4500E+03
   9.520  0.2603E-82  0.4500E+03
   9.550  0.2603E-82  0.4500E+03
   9.580  0.2603E-82  0.4500E+03
   9.610  0.2603E-82  0.4500E+03
   9.640  0.2603E-82  0.4500E+03
   9.670  0.2603E-82  0.4500E+03
   9.700  0.2603E-82  0.4500E+03
   9.730  0.2603E-82  0.4500E+03
   9.760  0.2603E-82  0.4500E+03
   9.790  0.2603E-82  0.4500E+03
   9.820  0.2603E-82  0.4500E+03
   9.850  0.2603E-82  0.4500E+03
   9.880  0.2603E-82  0.4500E+03
   9.910  0.2603E-82  0.4500E+03
   9.940  0.2603E-82  0.4500E+03
   9.970  0.2603E-82  0.4500E+03
  10.000  0.2603E-82  0.4500E+03
  10.030  0.2603E-82  0.4500E+03
  10.060  0.2603E-82  0.4500E+03
  10.090  0.2603E-82  0.4500E+03
  10.120  0.2603E-82  0.4500E+03
  10.150  0.2603E-82  0.4500E+03
  10.180  0.2603E-82  0.4500E+03
  10.210  0.2603E-82  0.4500E+03
  10.240  0.2603E-82  0.4500E+03
  10.270  0.2603E-82  0.4500E+03
  10.300  0.2603E-82  0.4500E+03
  10.330  0.2603E-82  0.4500E+03
  10.360  0.2603E-82  0.4500E+03
  10.390  0.2603E-82  0.4500E+03
  10.420  0.2603E-82  0.4500E+03
  10.450  0.2603E-82  0.4500E+03
  10.480  0.2603E-82  0.4500E+03
  10.510  0.2603E-82  0.4500E+03
  10.540  0.2603E-82  0.4500E+03
  10.570  0.2603E-82  0.4500E+03
  10.600  0.2603E-82  0.4500E+03
  10.630  0.2603E-82  0.4500E+03
  10.660  0.2603E-82  0.4500E+03
  10.690  0.2603E-82  0.4500E+03
  10.720  0.2603E-82  0.4500E+03
  10.750  0.2603E-82  0.4500E+03
  10.780  0.2603E-82  0.4500E+03
  10.810  0.2603E-82  0.4500E+03
  10.840  0.2603E-82  0.4500E+03
  10.870  0.2603E-82  0.4500E+03
  10.900  0.2603E-82  0.4500E+03
  10.930  0.2603E-82  0.4500E+03
  10.960  0.2603E-82  0.4500E+03
  10.990  0.2603E-82  0.4500E+03
  11.020  0.2603E-82  0.4500E+03
  11.050  0.2603E-82  0.4500E+03
  11.080  0.2603E-82  0.4500E+03
  11.110  0.2603E-82  0.4500E+03
  11.140  0.2603E-82  0.4500E+03
  11.170  0.2603E-82  0.4500E+03
  11.200  0.2603E-82  0.4500E+03
  11.230  0.2603E-82  0.4500E+03
  11.260  0.2603E-82  0.4500E+03
  11.290  0.2603E-82  0.4500E+03
  11.320  0.2603E-82  0.4500E+03
  11.350  0.2603E-82  0.4500E+03
  11.380  0.2603E-82  0.4500E+03
  11.410  0.2603E-82  0.4500E+03
  11.440  0.2603E-82  0.4500E+03
  11.470  0.2603E-82  0.4500E+03
  11.500  0.2603E-82  0.4500E+03
  11.530  0.2603E-82  0.4500E+03
  11.560  0.2603E-82  0.4500E+03
  11.590  0.2603E-82  0.4500E+03
  11.620  0.2603E-82  0.4500E+03
  11.650  0.2603E-82  0.4500E+03
  11.680  0.2603E-82  0.4500E+03
  11.710  0.2603E-82  0.4500E+03
  11.740  0.2603E-82  0.4500E+03
  11.770  0.2603E-82  0.4500E+03
  11.800  0.2603E-82  0.4500E+03
  11.830  0.2603E-82  0.4500E+03
  11.860  0.2603E-82  0.4500E+03
  11.890  0.2603E-82  0.4500E+03
  11.920  0.2603E-82  0.4500E+03
  11.950  0.2603E-82  0.4500E+03
  11.980  0.2603E-82  0.4500E+03
  12.010  0.2603E-82  0.4500E+03
  12.040  0.2603E-82  0.4500E+03
  12.070  0.2603E-82  0.4500E+03
  12.100  0.2603E-82  0.4500E+03
  12.130  0.2603E-82  0.4500E+03
  12.160  0.2603E-82  0.4500E+03
  12.190  0.2603E-82  0.4500E+03
  12.220  0.2603E-82  0.4500E+03
  12.250  0.2603E-82  0.4500E+03
  12.280  0.2603E-82  0.4500E+03
  12.310  0.2603E-82  0.4500E+03
  12.340  0.2603E-82  0.4500E+03
  12.370  0.2603E-82  0.4500E+03
  12.400  0.2603E-82  0.4500E+03
  12.430  0.2603E-82  0.4500E+03
  12.460  0.2603E-82  0.4500E+03
  12.490  0.2603E-82  0.4500E+03
  12.520  0.2603E-82  0.4500E+03
  12.550  0.2603E-82  0.4500E+03
  12.580  0.2603E-82  0.4500E+03
  12.610  0.2603E-82  0.4500E+03
  12.640  0.2603E-82  0.4500E+03
  12.670  0.2603E-82  0.4500E+03
  12.700  0.2603E-82  0.4500E+03
  12.730  0.2603E-82  0.4500E+03
  12.760  0.2603E-82  0.4500E+03
  12.790  0.2603E-82  0.4500E+03
  12.820  0.2603E-82  0.4500E+03
  12.850  0.2603E-82  0.4500E+03
  12.880  0.2603E-82  0.4500E+03
  12.910  0.2603E-82  0.4500E+03
  12.940  0.2603E-82  0.4500E+03
  12.970  0.2603E-82  0.4500E+03
  13.000  0.2603E-82  0.4500E+03
  13.030  0.2603E-82  0.4500E+03
  13.060  0.2603E-82  0.4500E+03
  13.090  0.2603E-82  0.4500E+03
  13.120  0.2603E-82  0.4500E+03
  13.150  0.2603E-82  0.4500E+03
  13.180  0.2603E-82  0.4500E+03
  13.210  0.2603E-82  0.4500E+03
  13.240  0.2603E-82  0.4500E+03
  13.270  0.2603E-82  0.4500E+03
  13.300  0.2603E-82  0.4500E+03
  13.330  0.2603E-82  0.4500E+03
  13.360  0.2603E-82  0.4500E+03
  13.390  0.2603E-82  0.4500E+03
  13.420  0.2603E-82  0.4500E+03
  13.450  0.2603E-82  0.4500E+03
  13.480  0.2603E-82  0.4500E+03
  13.510  0.2603E-82  0.4500E+03
  13.540  0.2603E-82  0.4500E+03
  13.570  0.2603E-82  0.4500E+03
  13.600  0.2603E-82  0.4500E+03
  13.630  0.2603E-82  0.4500E+03
  13.660  0.2603E-82  0.4500E+03
  13.690  0.2603E-82  0.4500E+03
  13.720  0.2603E-82  0.4500E+03
  13.750  0.2603E-82  0.4500E+03
  13.780  0.2603E-82  0.4500E+03
  13.810  0.2603E-82  0.4500E+03
  13.840  0.2603E-82  0.4500E+03
  13.870  0.2603E-82  0.4500E+03
  13.900  0.2603E-82  0.4500E+03
  13.930  0.2603E-82  0.4500E+03
  13.960  0.2603E-82  0.4500E+03
  13.990  0.2603E-82  0.4500E+03
  14.020  0.2603E-82  0.4500E+03
  14.050  0.2603E-82  0.4500E+03
  14.080  0.2603E-82  0.4500E+03
  14.110  0.2603E-82  0.4500E+03
  14.140  0.2603E-82  0.4500E+03
  14.170  0.2603E-82  0.4500E+03
  14.200  0.2603E-82  0.4500E+03
  14.230  0.2603E-82  0.4500E+03
  14.260  0.2603E-82  0.4500E+03
  14.290  0.2603E-82  0.4500E+03
  14.320  0.2603E-82  0.4500E+03
  14.350  0.2603E-82  0.4500E+03
  14.380  0.2603E-82  0.4500E+03
  14.410  0.2603E-82  0.4500E+03
  14.440  0.2603E-82  0.4500E+03
  14.470  0.2603E-82  0.4500E+03
  14.500  0.2603E-82  0.4500E+03
  14.530  0.2603E-82  0.4500E+03
  14.560  0.2603E-82  0.4500E+03
  14.590  0.2603E-82  0.4500E+03
  14.620  0.2603E-82  0.4500E+03
  14.650  0.2603E-82  0.4500E+03
  14.680  0.2603E-82  0.4500E+03
  14.710  0.2603E-82  0.4500E+03
  14.740  0.2603E-82  0.4500E+03
  14.770  0.2603E-82  0.4500E+03
  14.800  0.2603E-82  0.4500E+03
  14.830  0.2603E-82  0.4500E+03
  14.860  0.2603E-82  0.4500E+03
  14.890  0.2603E-82  0.4500E+03
  14.920  0.2603E-82  0.4500E+03
  14.950  0.2603E-82  0.4500E+03
  14.980  0.2603E-82  0.4500E+03
  15.010  0.2603E-82  0.4500E+03
  15.040  0.2603E-82  0.4500E+03
  15.070  0.2603E-82  0.4500E+03
  15.100  0.2603E-82  0.4500E+03
  15.130  0.2603E-82  0.4500E+03
  15.160  0.2603E-82  0.4500E+03
  15.190  0.2603E-82  0.4500E+03
  15.220  0.2603E-82  0.4500E+03
  15.250  0.2603E-82  0.4500E+03
  15.280  0.2603E-82  0.4500E+03
  15.310  0.2603E-82  0.4500E+03
  15.340  0.2603E-82  0.4500E+03
  15.370  0.2603E-82  0.4500E+03
  15.400  0.2603E-82  0.4500E+03
  15.430  0.2603E-82  0.4500E+03
  15.460  0.2603E-82  0.4500E+03
  15.490  0.2603E-82  0.4500E+03
  15.520  0.2603E-82  0.4500E+03
  15.550  0.2603E-82  0.4500E+03
  15.580  0.2603E-82  0.4500E+03
  15.610  0.2603E-82  0.4500E+03
  15.640  0.2603E-82  0.4500E+03
  15.670  0.2603E-82  0.4500E+03
  15.700  0.2603E-82  0.4500E+03
  15.730  0.2603E-82  0.4500E+03
  15.760  0.2603E-82  0.4500E+03
  15.790  0.2603E-82  0.4500E+03
  15.820  0.2603E-82  0.4500E+03
  15.850  0.2603E-82  0.4500E+03
  15.880  0.2603E-82  0.4500E+03
  15.910  0.2603E-82  0.4500E+03
  15.940  0.2603E-82  0.4500E+03
  15.970  0.2603E-82  0.4500E+03
  16.000  0.2603E-82  0.4500E+03
  16.030  0.2603E-82  0.4500E+03
  16.060  0.2603E-82  0.4500E+03
  16.090  0.2603E-82  0.4500E+03
  16.120  0.2603E-82  0.4500E+03
  16.150  0.2603E-82  0.4500E+03
  16.180  0.2603E-82  0.4500E+03
  16.210  0.2603E-82  0.4500E+03
  16.240  0.2603E-82  0.4500E+03
  16.270  0.2603E-82  0.4500E+03
  16.300  0.2603E-82  0.4500E+03
  16.330  0.2603E-82  0.4500E+03
  16.360  0.2603E-82  0.4500E+03
  16.390  0.2603E-82  0.4500E+03
  16.420  0.2603E-82  0.4500E+03
  16.450  0.2603E-82  0.4500E+03
  16.480  0.2603E-82  0.4500E+03
  16.510  0.2603E-82  0.4500E+03
  16.540  0.2603E-82  0.4500E+03
  16.570  0.2603E-82  0.4500E+03
  16.600  0.2603E-82  0.4500E+03
  16.630  0.2603E-82  0.4500E+03
  16.660  0.2603E-82  0.4500E+03
  16.690  0.2603E-82  0.4500E+03
  16.720  0.2603E-82  0.4500E+03
  16.750  0.2603E-82  0.4500E+03
  16.780  0.2603E-82  0.4500E+03
  16.810  0.2603E-82  0.4500E+03
  16.840  0.2603E-82  0.4500E+03
  16.870  0.2603E-82  0.4500E+03
  16.900  0.2603E-82  0.4500E+03
  16.930  0.2603E-82  0.4500E+03
  16.960  0.2603E-82  0.4500E+03
  16.990  0.2603E-82  0.4500E+03
  17.020  0.2603E-82  0.4500E+03
  17.050  0.2603E-82  0.4500E+03
  17.080  0.2603E-82  0.4500E+03
  17.110  0.2603E-82  0.4500E+03
  17.140  0.2603E-82  0.4500E+03
  17.170  0.2603E-82  0.4500E+03
  17.200  0.2603E-82  0.4500E+03
  17.230  0.2603E-82  0.4500E+03
  17.260  0.2603E-82  0.4500E+03
  17.290  0.2603E-82  0.4500E+03
  17.320  0.2603E-82  0.4500E+03
  17.350  0.2603E-82  0.4500E+03
  17.380  0.2603E-82  0.4500E+03
  17.410  0.2603E-82  0.4500E+03
  17.440  0.2603E-82  0.4500E+03
  17.470  0.2603E-82  0.4500E+03
  17.500  0.2603E-82  0.4500E+03
  17.530  0.2603E-82  0.4500E+03
  17.560  0.2603E-82  0.4500E+03
  17.590  0.2603E-82  0.4500E+03
  17.620  0.2603E-82  0.4500E+03
  17.650  0.2603E-82  0.4500E+03
  17.680  0.2603E-82  0.4500E+03
  17.710  0.2603E-82  0.4500E+03
  17.740  0.2603E-82  0.4500E+03
  17.770  0.2603E-82  0.4500E+03
  17.800  0.2603E-82  0.4500E+03
  17.830  0.2603E-82  0.4500E+03
  17.860  0.2603E-82  0.4500E+03
  17.890  0.2603E-82  0.4500E+03
  17.920  0.2603E-82  0.4500E+03
  17.950  0.2603E-82  0.4500E+03
  17.980  0.2603E-82  0.4500E+03
  18.010  0.2603E-82  0.4500E+03
  18.040  0.2603E-82  0.4500E+03
  18.070  0.2603E-82  0.4500E+03
  18.100  0.2603E-82  0.4500E+03
  18.130  0.2603E-82  0.4500E+03
  18.160  0.2603E-82  0.4500E+03
  18.190  0.2603E-82  0.4500E+03
  18.220  0.2603E-82  0.4500E+03
  18.250  0.2603E-82  0.4500E+03
  18.280  0.2603E-82  0.4500E+03
  18.310  0.2603E-82  0.4500E+03
  18.340  0.2603E-82  0.4500E+03
  18.370  0.2603E-82  0.4500E+03
  18.400  0.2603E-82  0.4500E+03
  18.430  0.2603E-82  0.4500E+03
  18.460  0.2603E-82  0.4500E+03
  18.490  0.2603E-82  0.4500E+03
  18.520  0.2603E-82  0.4500E+03
  18.550  0.2603E-82  0.4500E+03
  18.580  0.2603E-82  0.4500E+03
  18.610  0.2603E-82  0.4500E+03
  18.640  0.2603E-82  0.4500E+03
  18.670  0.2603E-82  0.4500E+03
  18.700  0.2603E-82  0.4500E+03
  18.730  0.2603E-82  0.4500E+03
  18.760  0.2603E-82  0.4500E+03
  18.790  0.2603E-82  0.4500E+03
  18.820  0.2603E-82  0.4500E+03
  18.850  0.2603E-82  0.4500E+03
  18.880  0.2603E-82  0.4500E+03
  18.910  0.2603E-82  0.4500E+03
  18.940  0.2603E-82  0.4500E+03
  18.970  0.2603E-82  0.4500E+03
  19.000  0.2603E-82  0.4500E+03
  19.030  0.2603E-82  0.4500E+03
  19.060  0.2603E-82  0.4500E+03
  19.090  0.2603E-82  0.4500E+03
  19.120  0.2603E-82  0.4500E+03
  19.150  0.2603E-82  0.4500E+03
  19.180  0.2603E-82  0.4500E+03
  19.210  0.2603E-82  0.4500E+03
  19.240  0.2603E-82  0.4500E+03
  19.270  0.2603E-82  0.4500E+03
  19.300  0.2603E-82  0.4500E+03
  19.330  0.2603E-82  0.4500E+03
  19.360  0.2603E-82  0.4500E+03
  19.390  0.2603E-82  0.4500E+03
  19.420  0.2603E-82  0.4500E+03
  19.450  0.2603E-82  0.4500E+03
  19.480  0.2603E-82  0.4500E+03
  19.510  0.2603E-82  0.4500E+03
  19.540  0.2603E-82  0.4500E+03
  19.570  0.2603E-82  0.4500E+03
  19.600  0.2603E-82  0.4500E+03
  19.630  0.2603E-82  0.4500E+03
  19.660  0.2603E-82  0.4500E+03
  19.690  0.2603E-82  0.4500E+03
  19.720  0.2603E-82  0.4500E+03
  19.750  0.2603E-82  0.4500E+03
  19.780  0.2603E-82  0.4500E+03
  19.810  0.2603E-82  0.4500E+03
  19.840  0.2603E-82  0.4500E+03
  19.870  0.2603E-82  0.4500E+03
  19.900  0.2603E-82  0.4500E+03
  19.930  0.2603E-82  0.4500E+03
  19.960  0.2603E-82  0.4500E+03
  19.990  0.2603E-82  0.4500E+03
