-10880.15884983378 3.092957135726465
-10880.108849833781 3.1929571357250097
-10880.058849833782 3.2929571357235545
-10880.008849833783 3.3929571357220993
-10879.958849833783 3.492957135720644
-10879.908849833784 3.592957135719189
-10879.858849833785 3.6929571357177338
-10879.808849833786 3.7929571357162786
-10879.758849833786 3.8929571357148234
-10879.708849833787 3.992957135713368
-10879.658849833788 4.092957135711913
-10879.608849833789 4.192957135710458
-10879.55884983379 4.292957135709003
-10879.50884983379 4.392957135707547
-10879.45884983379 4.492957135706092
-10879.408849833791 4.592957135704637
-10879.358849833792 4.692957135703182
-10879.308849833793 4.792957135701727
-10879.258849833794 4.8929571357002715
-10879.208849833794 4.992957135698816
-10879.158849833795 5.092957135697361
-10879.108849833796 5.192957135695906
-10879.058849833797 5.292957135694451
-10879.008849833797 5.3929571356929955
