Atoms:  8  Mode #:  1 Freq: -0.3872904813905406 cm-1,Mass weighted displacment dq is: 
 [ 0.02260725 -0.11633682 -0.18185592 -0.02283945  0.08677656  0.18184856 -0.05503889 -0.10756294  0.43869975 -0.05506334  0.1075635   0.43873149  0.02257492  0.11633668 -0.18177449  0.05463365 -0.09541769 -0.43884501  0.05462018  0.09541724 -0.4388832  -0.02283378 -0.08677623  0.18193609]
Atoms:  8  Mode #:  2 Freq: -0.36864961432285165 cm-1,Mass weighted displacment dq is: 
 [-1.69974548e-01 -2.52677406e-05  4.20904933e-01  3.09521197e-02  4.53575119e-06  4.52947375e-01 -1.28989305e-01  7.08554403e-06  1.65129194e-01  1.29454534e-01  2.18293950e-04 -1.65002270e-01  1.69782469e-01  4.66030942e-04 -4.20963171e-01 -7.18116600e-02  2.83735758e-04 -1.97034529e-01  7.13474899e-02  9.78061178e-05  1.96899715e-01 -3.07588490e-02  4.71026722e-04 -4.52897307e-01]
Atoms:  8  Mode #:  3 Freq: -0.2190262620172899 cm-1,Mass weighted displacment dq is: 
 [-0.13513098 -0.32168846 -0.01352776  0.13424482 -0.33092851  0.01249969  0.3249798  -0.13060406  0.03126628  0.32479151  0.13059918  0.03150743 -0.13537801  0.32168504 -0.01291298 -0.32585778  0.13975985 -0.03149123 -0.325963   -0.13976195 -0.03177912  0.13429091  0.3309242   0.01316085]
Atoms:  8  Mode #:  4 Freq: -0.007552488605042502 cm-1,Mass weighted displacment dq is: 
 [ 0.30874526 -0.16994589  0.02869416  0.30911017 -0.16987117  0.02887991  0.30933283 -0.16966554  0.02893772  0.30939664 -0.16925636  0.02886042  0.30882038 -0.16901641  0.0284742   0.30857249 -0.16931263  0.02839619  0.30861032 -0.16961441  0.02849504  0.30910259 -0.16908881  0.02864108]
Atoms:  8  Mode #:  5 Freq: -0.007523294353775526 cm-1,Mass weighted displacment dq is: 
 [0.16871019 0.31005221 0.01546794 0.16881219 0.31009041 0.01554726 0.16901995 0.3101588  0.01577117 0.16890217 0.31038358 0.01591397 0.16857105 0.31056337 0.01587318 0.16856991 0.31035903 0.01568587 0.16850018 0.31019278 0.01550354 0.16882563 0.3105214  0.01598662]
Atoms:  8  Mode #:  6 Freq: -0.003321760787564859 cm-1,Mass weighted displacment dq is: 
 [ 3.27473877e-02  1.53221748e-04 -3.52028556e-01  3.26453712e-02  1.43129581e-04 -3.52050032e-01  3.25958367e-02  8.94482553e-05 -3.52052103e-01  3.25944461e-02  1.41789443e-05 -3.52050319e-01  3.27454306e-02 -4.96450320e-05 -3.52023789e-01  3.28076287e-02 -2.49220394e-06 -3.52026090e-01  3.28067893e-02  1.06211895e-04 -3.52028408e-01  3.26456536e-02 -3.94153299e-05 -3.52045098e-01]
Atoms:  8  Mode #:  7 Freq: 35.72243743680153 cm-1,Mass weighted displacment dq is: 
 [-0.2464222   0.13650515  0.21370555 -0.16789872 -0.13652426 -0.27967189  0.17399092  0.20965103 -0.22508725 -0.17401746  0.20972611  0.22515917  0.24650857  0.13652064 -0.21376875 -0.09558795 -0.20964758 -0.26809315  0.09559102 -0.20972234  0.2681702   0.16783646 -0.13650852  0.2795857 ]
Atoms:  8  Mode #:  8 Freq: 35.79162015274516 cm-1,Mass weighted displacment dq is: 
 [-0.28137325  0.05239559  0.20780814  0.20291919  0.05232558  0.28476638  0.09093986  0.24506563 -0.23817693  0.09088607 -0.24500265 -0.23810852 -0.28129866 -0.05235301  0.20774331 -0.01253473 -0.24492804 -0.25448865 -0.01250469  0.24486414 -0.25440735  0.20296998 -0.0523678   0.28485134]
Atoms:  8  Mode #:  9 Freq: 65.37419976234435 cm-1,Mass weighted displacment dq is: 
 [-0.25286029 -0.10947888 -0.2215589  -0.30912318  0.10950943  0.13211157 -0.13624404  0.28454743  0.15964661  0.13632922  0.28450522 -0.15957161  0.25282791 -0.10957469  0.2214921   0.07992945 -0.28448162  0.1940986  -0.08003377 -0.28443958 -0.19405283  0.30917505  0.10941344 -0.13216542]
Atoms:  8  Mode #: 10 Freq: 65.39582119674634 cm-1,Mass weighted displacment dq is: 
 [-0.09341838  0.278517   -0.19668591  0.14998544  0.2784645  -0.1580175   0.24683268  0.12321893  0.2210938   0.24678547 -0.12331619  0.22114859 -0.09350541 -0.2784795  -0.19676132 -0.3032631  -0.12324413  0.13354375 -0.30323536  0.12334208  0.13360985  0.14987912 -0.27850264 -0.15797218]
Atoms:  8  Mode #: 11 Freq: 90.19400960722095 cm-1,Mass weighted displacment dq is: 
 [ 0.23732235 -0.19357769 -0.25832806  0.1449144   0.19351306  0.31905395 -0.17200187  0.19370238 -0.15004882 -0.17187484 -0.19380602 -0.15018802  0.23720974  0.19368072 -0.25828006 -0.2102843   0.19337054  0.08921844 -0.2102069  -0.19347384  0.08939038  0.1450064  -0.19340914  0.3191346 ]
Atoms:  8  Mode #: 12 Freq: 90.21363054874152 cm-1,Mass weighted displacment dq is: 
 [-0.21036809 -0.19339619  0.08916294  0.17234243 -0.1934263   0.15010417  0.23704507  0.193436   -0.25835179 -0.23713669  0.19333137  0.25827088  0.21049543 -0.19329243 -0.08930184  0.14517651  0.19353299  0.31921726 -0.14528873  0.19342941 -0.31916946 -0.17226654 -0.19352978 -0.14993209]
Atoms:  8  Mode #: 13 Freq: 104.19540307692115 cm-1,Mass weighted displacment dq is: 
 [-0.31502535  0.1222164   0.10348541 -0.26756145 -0.12222765 -0.19623313 -0.14463365 -0.2950544   0.13072357  0.14463056 -0.29504989 -0.13072377  0.31502188  0.12221316 -0.10348616  0.09683603  0.29505318  0.1690601  -0.09683337  0.2950497  -0.16905983  0.26756609 -0.12223043  0.19623382]
Atoms:  8  Mode #: 14 Freq: 106.7124593033931 cm-1,Mass weighted displacment dq is: 
 [ 0.32233424 -0.13516834  0.05159576 -0.32265345 -0.13542284 -0.0514563   0.13375615  0.32671972  0.02129987  0.13375768 -0.32672437  0.0212974   0.32233806  0.13516858  0.05159428 -0.13344242 -0.32667684 -0.02141266 -0.13344213  0.32668131 -0.02141456 -0.3226479   0.13542267 -0.05145389]
Atoms:  8  Mode #: 15 Freq: 117.63190430876341 cm-1,Mass weighted displacment dq is: 
 [-0.1993382  -0.01499597 -0.06324497 -0.20826458  0.01532774 -0.00183889  0.19196282  0.39725487  0.10650275  0.1919306  -0.39758504  0.10654701 -0.19873199  0.01532567 -0.06302757  0.21561428  0.39742724 -0.04155167  0.21559678 -0.39775636 -0.04160374 -0.2089069  -0.01499819 -0.00181996]
Atoms:  8  Mode #: 16 Freq: 117.63370647363448 cm-1,Mass weighted displacment dq is: 
 [-0.38060356  0.20644884 -0.1365787   0.40433818  0.20642823 -0.01165577  0.01957535 -0.20685742 -0.02820719 -0.01988123 -0.2062256   0.02803786  0.38092174  0.20642345  0.13667915  0.00983316 -0.20672128  0.03296837 -0.01017731 -0.206088   -0.03290212 -0.40400598  0.20645427  0.01165842]
Atoms:  8  Mode #: 17 Freq: 213.55925362235186 cm-1,Mass weighted displacment dq is: 
 [ 0.13368958  0.3267445   0.02136152  0.1336778  -0.326594    0.0212147  -0.3223331   0.13531541 -0.05107698  0.3223335   0.13531394  0.05107699 -0.13368815  0.32674504 -0.02136148  0.32266887 -0.13546631  0.05139404 -0.32266953 -0.13546513 -0.05139411 -0.13367898 -0.32659343 -0.02121471]
Atoms:  8  Mode #: 18 Freq: 232.06673160852458 cm-1,Mass weighted displacment dq is: 
 [-0.14653714 -0.42058049  0.02259629 -0.13235967  0.42059874 -0.06693446  0.15668098 -0.13842681 -0.08610532  0.15677275  0.13845734 -0.08608026 -0.1465088   0.42055005  0.02262554  0.12210616 -0.13839717  0.13039848  0.12220093  0.13842826  0.13040336 -0.13239534 -0.4206299  -0.06691551]
Atoms:  8  Mode #: 19 Freq: 232.08403916516687 cm-1,Mass weighted displacment dq is: 
 [ 0.11939353  0.14094788  0.13015539 -0.15407202  0.14155077  0.08646054  0.40825908 -0.14131402  0.11065086 -0.40822454 -0.14128146 -0.11067001 -0.11942552  0.141042   -0.13015025  0.42240654 -0.14123691  0.0213887  -0.42237996 -0.14120447 -0.02135969  0.15404297  0.1414562  -0.08647555]
Atoms:  8  Mode #: 20 Freq: 259.46290410884325 cm-1,Mass weighted displacment dq is: 
 [-0.19327503 -0.21063972 -0.20959118  0.24667159 -0.21221317 -0.13588814 -0.23530289  0.22219909  0.13882749 -0.23545756 -0.22219043  0.13869873 -0.19328252  0.210806   -0.20949314  0.18188712 -0.22389478  0.20674626  0.18206554  0.22389233  0.20668365  0.24668843  0.21204069 -0.13597969]
Atoms:  8  Mode #: 21 Freq: 259.4808816855875 cm-1,Mass weighted displacment dq is: 
 [-0.01887656 -0.30696339  0.17513619  0.03574888  0.3076104  -0.17181568 -0.27644758 -0.00815526 -0.22113783  0.27632076 -0.00827598  0.2212123   0.01876779 -0.3068499  -0.17525619  0.32996195  0.00738927 -0.1226079  -0.32986018  0.00751579  0.12272375 -0.03561514  0.30772907  0.17174537]
Atoms:  8  Mode #: 22 Freq: 261.03730418719823 cm-1,Mass weighted displacment dq is: 
 [ 0.09906854 -0.1593992   0.37699302  0.213712    0.15733201 -0.32898566 -0.18071252  0.15927948  0.12209639 -0.1807118  -0.15927507  0.12209057  0.09907238  0.15939094  0.37699387 -0.13205239  0.15713236 -0.17011434 -0.13206189 -0.15712839 -0.17010571  0.21370662 -0.15733213 -0.32898009]
Atoms:  8  Mode #: 23 Freq: 261.05155160477113 cm-1,Mass weighted displacment dq is: 
 [-0.13329615 -0.15883402 -0.17176777  0.17890387 -0.15745308 -0.12082067  0.09956904  0.15761782  0.37643819 -0.09956017  0.15762542 -0.37644347  0.13329661 -0.15884142  0.17176308  0.21397337  0.15867914 -0.32965373 -0.21397287  0.15867988  0.32965392 -0.1789137  -0.15745269  0.12083043]
Atoms:  8  Mode #: 24 Freq: 262.625552232324 cm-1,Mass weighted displacment dq is: 
 [-0.08781058  0.05793666 -0.3363405  -0.18914404 -0.05690604  0.29330026 -0.00830609 -0.14068079 -0.32636252  0.00830431 -0.14068163  0.32636328  0.08781058  0.05793672  0.33634044  0.10777365  0.13965531 -0.30541242 -0.10777294  0.13965612  0.30541249  0.18914508 -0.05690608 -0.29330105]
