Atoms:  8  Mode #:  1 Freq: -0.39069916601963267 cm-1,Mass weighted displacment dq is: 
 [ 0.02270976 -0.11663852 -0.18186918 -0.02252417  0.08646654  0.18184826 -0.0545609  -0.10770722  0.4387255  -0.05458828  0.10770796  0.43876097  0.02267375  0.11663861 -0.18177871  0.05456565 -0.0952885  -0.43886265  0.05455066  0.09528825 -0.43890502 -0.02251781 -0.08646614  0.18194581]
Atoms:  8  Mode #:  2 Freq: -0.3723527672017558 cm-1,Mass weighted displacment dq is: 
 [-1.70025899e-01 -2.65053243e-04  4.20888145e-01  3.09481568e-02 -2.20286441e-04  4.52949279e-01 -1.28992561e-01 -2.18798061e-04  1.65132383e-01  1.29451487e-01 -7.82052456e-06 -1.64996829e-01  1.69837384e-01  2.22726297e-04 -4.20949764e-01 -7.17971483e-02 -6.29784584e-06 -1.97030514e-01  7.13406591e-02 -1.87745560e-04  1.96887445e-01 -3.07570230e-02  2.38304923e-04 -4.52895513e-01]
Atoms:  8  Mode #:  3 Freq: -0.22237881339235502 cm-1,Mass weighted displacment dq is: 
 [-0.13474773 -0.32157918 -0.01319747  0.13469318 -0.3310012   0.01250938  0.325439   -0.13052161  0.03104363  0.32525315  0.13051899  0.03128166 -0.13499185  0.3215781  -0.01259039 -0.32548431  0.13985753 -0.0309359  -0.32558823 -0.13985714 -0.03122024  0.13473863  0.3309993   0.01316213]
Atoms:  8  Mode #:  4 Freq: -0.0012749927887470655 cm-1,Mass weighted displacment dq is: 
 [-0.14447988 -0.32113752 -0.03114875 -0.14453431 -0.32113116 -0.0311424  -0.14453309 -0.32116176 -0.03108902 -0.14456425 -0.32118075 -0.03104343 -0.14452424 -0.32119471 -0.03102684 -0.1444717  -0.32118763 -0.0310695  -0.14448801 -0.32115272 -0.03112428 -0.14452654 -0.32120245 -0.03100995]
Atoms:  8  Mode #:  5 Freq: -0.0012498150488831881 cm-1,Mass weighted displacment dq is: 
 [ 0.31268239 -0.1478542   0.07330343  0.31272995 -0.14786935  0.07327632  0.31277748 -0.14781614  0.07327539  0.31276284 -0.14777568  0.07329677  0.31266139 -0.14773326  0.0733602   0.31262854 -0.1477584   0.07336416  0.31262087 -0.14783227  0.07333848  0.3127332  -0.14771851  0.07333763]
Atoms:  8  Mode #:  6 Freq: -0.0003197244706094704 cm-1,Mass weighted displacment dq is: 
 [-0.07958554  0.00249482  0.34445968 -0.07960771  0.00250882  0.34448322 -0.07962551  0.00248075  0.34449783 -0.07962368  0.00247838  0.34449545 -0.0795832   0.00246445  0.34445395 -0.07956912  0.00246182  0.34443746 -0.07956819  0.00249749  0.34444012 -0.07960805  0.00245041  0.34447703]
Atoms:  8  Mode #:  7 Freq: 35.72003840672779 cm-1,Mass weighted displacment dq is: 
 [-0.24644122  0.1365207   0.2137265  -0.16787393 -0.13651545 -0.27965454  0.17400577  0.20967473 -0.22512493 -0.17400576  0.20967873  0.22512773  0.24644583  0.13652106 -0.21372897 -0.0955923  -0.20968007 -0.2681333   0.09559174 -0.20968376  0.26813675  0.16787059 -0.13651465  0.27965113]
Atoms:  8  Mode #:  8 Freq: 35.78820157100178 cm-1,Mass weighted displacment dq is: 
 [-0.28130499  0.05229738  0.20781098  0.20291952  0.05228264  0.28485575  0.09084303  0.2450023  -0.23817824  0.09083973 -0.24500023 -0.23817513 -0.28130193 -0.05229442  0.20780826 -0.0124577  -0.24488513 -0.25449214 -0.01245546  0.24488213 -0.25448875  0.20292148 -0.05228524  0.28485952]
Atoms:  8  Mode #:  9 Freq: 65.36025422681645 cm-1,Mass weighted displacment dq is: 
 [-0.25285301 -0.10950955 -0.22157278 -0.30912343  0.1094971   0.13208076 -0.13624352  0.28455541  0.15960011  0.1363007   0.28452716 -0.15955015  0.25283123 -0.10957372  0.22152817  0.07996406 -0.28447807  0.19409886 -0.08003403 -0.28445005 -0.19406836  0.30915843  0.10943259 -0.13211657]
Atoms:  8  Mode #: 10 Freq: 65.38978078390983 cm-1,Mass weighted displacment dq is: 
 [-0.09350638  0.27852152 -0.19665665  0.1500034   0.27849779 -0.15791767  0.24684359  0.12328352  0.22106831  0.24681178 -0.1233485   0.22110506 -0.09356482 -0.27849641 -0.19670691 -0.30326684 -0.12329961  0.13347828 -0.30324812  0.12336525  0.13352245  0.14993224 -0.27852355 -0.15788716]
Atoms:  8  Mode #: 11 Freq: 90.20739459489997 cm-1,Mass weighted displacment dq is: 
 [ 0.23724741 -0.19356614 -0.25835005  0.14493806  0.19350329  0.31909815 -0.17200857  0.19365297 -0.15006593 -0.17191498 -0.19372936 -0.1501687   0.23716417  0.19364193 -0.25831462 -0.21025302  0.19343578  0.08925739 -0.21019591 -0.19351202  0.08938466  0.1450058  -0.19342665  0.31915781]
Atoms:  8  Mode #: 12 Freq: 90.2272791716661 cm-1,Mass weighted displacment dq is: 
 [-0.21040793 -0.19336882  0.08921251  0.17229887 -0.19346103  0.15004919  0.23704561  0.19336731 -0.25836083 -0.23711314  0.19329007  0.25830102  0.21050197 -0.19329227 -0.08931516  0.14517632  0.19353052  0.31924182 -0.14525918  0.19345419 -0.31920646 -0.17224332 -0.19353736 -0.14992198]
Atoms:  8  Mode #: 13 Freq: 104.19445300601406 cm-1,Mass weighted displacment dq is: 
 [-0.31501856  0.12224781  0.10346898 -0.26757013 -0.12219504 -0.19624493 -0.14465863 -0.29507166  0.13075792  0.1446555  -0.29506724 -0.13075827  0.31501529  0.12224467 -0.10346985  0.09682749  0.29502531  0.16903116 -0.09682502  0.29502194 -0.16903088  0.26757477 -0.12219784  0.19624564]
Atoms:  8  Mode #: 14 Freq: 106.7266260132244 cm-1,Mass weighted displacment dq is: 
 [ 0.32236786 -0.13520581  0.05154825 -0.32262257 -0.13539918 -0.05142201  0.13374412  0.32674142  0.02128091  0.13374566 -0.3267458   0.02127843  0.32237141  0.13520597  0.05154677 -0.13349407 -0.32664548 -0.0214062  -0.13349373  0.32664999 -0.02140806 -0.32261688  0.13539901 -0.0514197 ]
Atoms:  8  Mode #: 15 Freq: 117.61853788420123 cm-1,Mass weighted displacment dq is: 
 [-0.19944566 -0.0149954  -0.06326625 -0.20815244  0.01542495 -0.00183366  0.1920048   0.39718574  0.10649245  0.19196173 -0.39762753  0.10655199 -0.19863362  0.01543668 -0.06297501  0.21565919  0.39734299 -0.04154104  0.2156361  -0.39778359 -0.04161106 -0.20901318 -0.01498388 -0.00180837]
Atoms:  8  Mode #: 16 Freq: 117.62193636527086 cm-1,Mass weighted displacment dq is: 
 [-0.38051534  0.20648564 -0.13656961  0.40438618  0.20646169 -0.01167326  0.01958601 -0.20695009 -0.02823667 -0.01999565 -0.20610367  0.02800984  0.38094132  0.20645203  0.13670407  0.00982369 -0.20683633  0.03298599 -0.01028459 -0.20598811 -0.03289723 -0.40394138  0.20649601  0.01167686]
Atoms:  8  Mode #: 17 Freq: 213.5459761962868 cm-1,Mass weighted displacment dq is: 
 [ 0.13368668  0.32674058  0.0213546   0.13368181 -0.32659924  0.021217   -0.32232487  0.13532034 -0.05107075  0.3223253   0.13531892  0.05107076 -0.13368526  0.32674119 -0.02135457  0.32267744 -0.1354621   0.05138614 -0.32267808 -0.13546091 -0.05138617 -0.13368303 -0.32659876 -0.02121701]
Atoms:  8  Mode #: 18 Freq: 232.04616772547308 cm-1,Mass weighted displacment dq is: 
 [-0.14651152 -0.42056462  0.02258733 -0.13234958  0.42059191 -0.06690808  0.15668493 -0.13848648 -0.08612594  0.15675593  0.13850981 -0.08610653 -0.14648923  0.42054125  0.02260994  0.12210263 -0.13845352  0.13041671  0.12217598  0.13847746  0.13042054 -0.13237742 -0.4206158  -0.06689349]
Atoms:  8  Mode #: 19 Freq: 232.06262935387042 cm-1,Mass weighted displacment dq is: 
 [ 0.1194511   0.14093162  0.13019053 -0.15411195  0.14153655  0.08645433  0.40824898 -0.14128029  0.11064876 -0.4082224  -0.14125477 -0.11066355 -0.11947562  0.14100437 -0.13018657  0.42239458 -0.14121733  0.02140817 -0.4223742  -0.14119191 -0.02138576  0.15408962  0.14146336 -0.08646591]
Atoms:  8  Mode #: 20 Freq: 259.4564613317073 cm-1,Mass weighted displacment dq is: 
 [-0.19322292 -0.21073235 -0.20940595  0.24677942 -0.21210827 -0.136068   -0.23540238  0.22227453  0.13887832 -0.23552383 -0.22226701  0.1387764  -0.19322847  0.21086219 -0.20932946  0.18183316 -0.22381873  0.20666815  0.18197262  0.22381675  0.20661935  0.24679216  0.21197289 -0.13613898]
Atoms:  8  Mode #: 21 Freq: 259.477163340356 cm-1,Mass weighted displacment dq is: 
 [-0.01890839 -0.30700069  0.17507339  0.03579871  0.3075575  -0.17184395 -0.27640199 -0.0081277  -0.22104231  0.27630342 -0.00822178  0.22110012  0.01882269 -0.30691254 -0.1751686   0.33002263  0.00747724 -0.12275413 -0.32994254  0.00757709  0.12284538 -0.0356946   0.30765094  0.17179012]
Atoms:  8  Mode #: 22 Freq: 261.04584683119026 cm-1,Mass weighted displacment dq is: 
 [ 0.09915883 -0.15933698  0.37707345  0.21359753  0.15747249 -0.32890669 -0.18059893  0.15917678  0.12202913 -0.18060354 -0.15916361  0.12200253  0.09917011  0.15931961  0.37708373 -0.1321448   0.15725286 -0.17020807 -0.13216654 -0.15724003 -0.17018095  0.21358214 -0.15748113 -0.32889425]
Atoms:  8  Mode #: 23 Freq: 261.05974864895273 cm-1,Mass weighted displacment dq is: 
 [-0.13322991 -0.15878833 -0.17155705  0.17904067 -0.15752177 -0.12097794  0.09971824  0.15773083  0.37675911 -0.09969969  0.15774693 -0.37677095  0.13322452 -0.15880426  0.17153098  0.21379276  0.15856685 -0.32934426 -0.2137846   0.15857673  0.32935429 -0.179062   -0.15751222  0.1210058 ]
Atoms:  8  Mode #: 24 Freq: 262.6249146990965 cm-1,Mass weighted displacment dq is: 
 [-0.08791859  0.05782792 -0.33648132 -0.18900407 -0.05704292  0.2932155  -0.00818952 -0.14056332 -0.32604669  0.00818757 -0.14056431  0.32604756  0.08791842  0.05782817  0.33648105  0.10794478  0.13977777 -0.30566718 -0.10794391  0.13977877  0.30566745  0.18900529 -0.05704279 -0.29321638]
