-111239.31769966756 4.722669419803424
-111239.26769966756 4.772669419806334
-111239.21769966756 4.822669419809245
-111239.16769966755 4.872669419812155
-111239.11769966755 4.922669419815065
-111239.06769966755 4.972669419817976
-111239.01769966754 5.022669419820886
-111238.96769966754 5.0726694198237965
-111238.91769966754 5.122669419826707
-111238.86769966753 5.172669419829617
-111238.81769966753 5.222669419832528
-111238.76769966753 5.272669419835438
-111238.71769966753 5.322669419838348
-111238.66769966752 5.372669419841259
-111238.61769966752 5.422669419844169
-111238.56769966752 5.4726694198470796
-111238.51769966751 5.52266941984999
-111238.46769966751 5.5726694198529
-111238.41769966751 5.622669419855811
-111238.3676996675 5.672669419858721
-111238.3176996675 5.7226694198616315
-111238.2676996675 5.772669419864542
-111238.2176996675 5.822669419867452
-111238.1676996675 5.872669419870363
-111238.11769966749 5.922669419873273
-111238.06769966749 5.972669419876183
-111238.01769966749 6.022669419879094
-111237.96769966748 6.072669419882004
-111237.91769966748 6.1226694198849145
-111237.86769966748 6.172669419887825
-111237.81769966747 6.222669419890735
-111237.76769966747 6.272669419893646
-111237.71769966747 6.322669419896556
-111237.66769966747 6.3726694198994664
-111237.61769966746 6.422669419902377
-111237.56769966746 6.472669419905287
-111237.51769966746 6.522669419908198
-111237.46769966745 6.572669419911108
-111237.41769966745 6.622669419914018
-111237.36769966745 6.672669419916929
-111237.31769966744 6.722669419919839
-111237.26769966744 6.7726694199227495
-111237.21769966744 6.82266941992566
-111237.16769966744 6.87266941992857
-111237.11769966743 6.922669419931481
-111237.06769966743 6.972669419934391
-111237.01769966743 7.022669419937301
