-10880.15884983378 100363.88151925358
-10880.108849833781 100363.93151925359
-10880.058849833782 100363.98151925358
-10880.008849833783 100364.03151925358
-10879.958849833783 100364.08151925358
-10879.908849833784 100364.13151925358
-10879.858849833785 100364.18151925359
-10879.808849833786 100364.23151925358
-10879.758849833786 100364.28151925358
-10879.708849833787 100364.33151925358
-10879.658849833788 100364.38151925357
-10879.608849833789 100364.43151925357
-10879.55884983379 100364.48151925358
-10879.50884983379 100364.53151925358
-10879.45884983379 100364.58151925358
-10879.408849833791 100364.63151925357
-10879.358849833792 100364.68151925357
-10879.308849833793 100364.73151925358
-10879.258849833794 100364.78151925356
-10879.208849833794 100364.83151925357
-10879.158849833795 100364.88151925357
-10879.108849833796 100364.93151925357
-10879.058849833797 100364.98151925358
-10879.008849833797 100365.03151925356
