-0.0079281835042: 
-0.0058606539686: 
-0.0046863415818: 
59.8566103837576
59.8682972385690
61.4432791448350
62.3360601901944
62.3472321183665
62.3886648514270
85.3176922577981
85.3257056940864
91.8260718252636
91.8331511953355
92.1989641429942
92.7326698360692
98.1655357279436
98.1693588132445
128.583033654623
130.186836880752
130.315546968236
130.320944092527
133.846005252047
133.850017265132
144.466259174107
146.192275583544
146.258032532844
146.272070786442
146.483824695454
146.545109972302
146.555702159969
146.783227790570
147.162945099819
147.195881241066
147.997718348556
148.041439587318
151.930572777923
153.487784464482
153.497758255256
153.679333998963
157.039445520434
157.048167575143
158.394501037673
160.377924718005
160.383665049643
160.415011805425
162.791490740372
162.796170815644
173.187343577214
174.077519900676
174.162311121461
174.165346591068
175.969481288628
179.891670908830
179.904428746203
181.808280456076
182.366103739109
182.392137208386
185.105735071498
185.121478863097
195.421255425813
198.348935644099
198.359059745985
199.008634744249
199.535012981359
199.543835009062
216.629321265266
222.148187081109
222.339733473683
222.381194459976
222.847048566927
222.877737842557
223.224072341716
223.662097208990
223.753963967798
224.340829208291
224.744109849995
224.826682115378
267.535896344194
277.729407891919
277.769348884593
285.921273079080
286.225606604695
286.247987671675
286.648707510858
287.043483303138
287.065254154519
297.021384811069
297.169823018464
297.198652350697
297.282714642888
298.166157632916
298.194377616252
301.876149859909
302.396651119372
302.459647229616
302.471807982462
303.334151518670
303.346928243345
307.012421186590
 307.02248754200
 307.02362223042
 307.75528804947
 308.21321865100
 308.22284529304
 314.99202628351
 314.99685537567
 315.59201279794
 315.59761423186
 316.21524672495
 318.44409887451
 321.09887865209
 321.10355695009
 321.37857189872
 322.39766643789
 322.40054475800
 323.34743384046
 326.97570005732
 326.98144907071
 327.40517183267
 327.63894803821
 327.64177481181
 327.91541010709
 328.83972347507
 329.68762419680
 329.68996978607
 330.55029931883
 330.55421704948
 337.30278685937
 337.30960099734
 337.55499938788
 337.56591162362
 337.77029859561
 338.96895078324
 338.98064041940
 341.26018201983
 341.38208202843
 341.41688429388
 343.28377227938
 343.31234007595
 345.12267548794
 346.41053615326
 346.47308092859
 346.50848202530
 350.35468430915
 350.37831966321
 351.71466729790
 357.33401461790
 357.35240308087
 357.45358245294
 358.15133548300
 358.19867425481
 358.22334819962
 358.98508484676
 358.99902412152
 359.00985198733
 361.11061149540
 361.11349814339
 363.68978517215
 366.41369179561
 366.45986194218
 366.47143920304
 367.23453620803
 367.36688299443
 367.45132676667
 367.46348002976
 367.68211199231
 367.69249121223
 367.70361024023
 368.99740095175
 369.00672664055
 369.60884379092
 369.87778355189
 369.88113980870
 370.21301226146
 370.22000256529
 370.68802954440
 370.83414096485
 371.00093574857
 371.00318678596
 371.21855581433
 373.16144503430
 373.16717717022
 375.63737882421
 375.65357453457
 381.69310845792
 381.91786136143
 381.93939606688
 382.33528252256
 382.36063983597
 382.86989537518
 388.28048942026
 388.28634073492
 388.41213402026
 388.92800242560
 388.93232111475
 388.97429924193
 390.35513151633
 390.38241139098
 390.66352657684
 390.69082939363
 391.05996605868
 392.86316480026
 397.26179688789
 397.28755073866
 397.73833692064
 397.79571704718
 397.82447111952
 398.41437822579
 399.06760296273
 399.96728575254
 400.39223532519
 400.43864703542
 400.74391928728
 400.78744479935
 401.33682502604
 401.51921480118
 401.54631492289
 401.57767342746
 402.48056620407
 402.50999280802
 426.58423628116
 430.16802954488
 430.17247142258
 430.38078040312
 430.49969599741
 430.50407366277
 460.42026346583
 653.66466121866
