       x
44.956613695485196
45.19533505068941
45.77388223302205
45.90621369993724
46.44980707600957
48.50501715648147
58.6675896017677
60.061294912146344
60.064381360392964
65.91906060304615
66.5692073539596
66.5958010630132
90.32370902558262
92.20309732922578
92.3188519257989
92.81619010035816
94.64926125183788
94.70289831469358
94.71238972278815
94.73365279670709
96.95355481276997
99.16708922914363
99.28654987850572
99.39575325780399
100.1552552959731
100.19534679158501
101.98858794301978
103.71154407143784
103.71895827394516
106.3474197533064
108.80914146167164
108.8271639523982
110.00512499293268
110.08021144404293
111.44907145675425
111.83908416887743
112.56277313062306
112.59467923607546
114.24807371878786
116.66372968989049
116.66565507963949
118.49685101620541
122.14750609701879
122.15072537336555
124.52787077094476
124.61162234661369
125.88992928704124
125.90417546292704
125.9480874015366
127.07992760253066
127.13656454727503
129.13077588907552
130.21919383014028
131.0924718595574
132.52578479214932
132.55595962313902
136.31772958550573
136.74343501899094
137.0549579593911
137.10025670726125
147.83357319228327
147.8479951825008
149.35452889395918
151.37375680010157
151.93633425799194
151.95043389638718
153.63654877648995
153.6608722999754
156.0956591238538
156.27115390753778
156.28013349078577
159.7919122630325
159.82027155193902
160.7430211990129
162.47714921098265
162.52428433829988
163.19630370143614
165.3171896029128
166.83095145327948
166.86748433409792
168.55278919796808
171.79867318772114
171.80511551924198
173.45608580610033
173.76822194591784
173.78276288327717
175.35471031376372
175.84149878977104
175.846532327314
178.32855084686312
179.60698009429706
179.67121545607506
181.8895339815052
183.16442251360954
183.1850568630156
184.72671625479083
184.76356631598063
186.08198481570105
187.54677186680004
187.57266828751094
188.99304065244553
190.6574140114221
191.09943359282826
191.13315298987865
192.7086219991934
192.81786992304475
192.9372972742468
193.48761386352854
194.21022660253186
194.3383054338431
197.34078688137353
197.35197567542
198.33324690452662
198.43197567222163
198.4960868261537
198.72773206046824
198.768474909926
199.2585783004588
199.29839181695968
199.91837998671517
200.92568347451157
200.92728983337406
203.8425455680731
203.91824488318
204.00782238053785
205.18655454137865
206.52712398047515
206.54045474416642
207.72728351863708
208.05382743943815
208.15741200714177
208.2937922576173
208.87558185095645
208.8800509309383
214.41136849895392
214.42451209841755
216.34578991339225
219.47731919174083
219.481223331294
221.358697841958
231.81635910138314
237.38814280460366
237.4094730001074
242.91333004262736
247.74070640259217
247.77202328409723
260.01207974320766
261.0151341246484
263.82205855988184
263.82412668236753
264.43031099219445
268.17587654759836
268.1912651271195
269.5697465081839
269.5714479070505
270.33621537787667
271.8650349826922
272.33320025668223
272.33914422069034
273.21120526079454
275.4120328547037
275.41621256287164
276.2892310539741
276.2991571787988
276.69351853956215
277.7563604553307
278.20637497320445
278.2094735777339
279.29259255484055
279.2954939693802
279.68495170049795
279.69673049743335
280.501964262781
280.5083762227194
281.1790772804055
281.2723179542134
281.4758907638029
281.5059535466917
281.66176209284004
281.6690225531791
282.8549170068229
283.4692648268366
283.4951402545867
284.2000119426503
284.7822011135371
285.54039656013884
285.68214449798455
285.70161416090446
286.70345132848263
287.1044224886654
287.1152088607978
287.5717943819848
289.6845585512634
290.28986055386287
290.29373088679813
291.14800627765817
291.19676876582747
293.71495267971596
293.7428668092334
294.4795405582592
294.48453623086436
295.7680793317856
295.83841442221205
297.8998509984734
298.4095336871344
299.40679855146226
299.45687889047963
302.7606977127911
302.78915801825303
315.05933737300035
322.9924094325773
323.31183672125303
325.23247385597534
325.349976912338
326.11351795565884
343.2777295723905
