  4.0041534
  3.7058177
  3.3739979
  3.0100829
  2.6154658
  2.1915037
  1.7394961
  1.2606737
  0.7561942
  0.2271428
 -0.3254659
 -0.9006841
 -1.4976266
 -2.1154666
 -2.7534310
 -3.4107965
 -4.0868855
 -4.7810625
 -5.4927307
 -6.2213289
 -6.9663289
 -7.7272323
 -8.5035688
 -9.2948940
-10.1007869
-10.9208489
-11.7547017
-12.6019859
-13.4623598
-14.3354982
-15.2210910
-16.1188425
-17.0284704
-17.9497048
-18.8822875
-19.8259714
-20.7805196
-21.7457050
-22.7213093
-23.7071233
-24.7029455
-25.7085822
-26.7238470
-27.7485601
-28.7825486
-29.8256453
-30.8776891
-31.9385243
-33.0080005
-34.0859723
-35.1722991
-36.2668447
-37.3694773
-38.4800693
-39.5984968
-40.7246399
-41.8583821
-42.9996104
-44.1482151
-45.3040895
-46.4671303
-47.6372365
-48.8143105
-49.9982567
-51.1889827
-52.3863980
-53.5904148
-54.8009474
-56.0179124
-57.2412284
-58.4708160
-59.7065979
-60.9484984
-62.1964440
-63.4503626
-64.7101838
-65.9758392
-67.2472615
-68.5243851
-69.8071460
-71.0954815
-72.3893303
-73.6886322
-74.9933288
-76.3033624
-77.6186768
-78.9392170
-80.2649289
-81.5957598
-82.9316578
-84.2725721
