-10880.15884983378 1.8016572834312683
-10880.108849833781 1.8516572834305407
-10880.058849833782 1.901657283429813
-10880.008849833783 1.9516572834290855
-10879.958849833783 2.001657283428358
-10879.908849833784 2.0516572834276303
-10879.858849833785 2.1016572834269027
-10879.808849833786 2.151657283426175
-10879.758849833786 2.2016572834254475
-10879.708849833787 2.25165728342472
-10879.658849833788 2.3016572834239923
-10879.608849833789 2.3516572834232647
-10879.55884983379 2.401657283422537
-10879.50884983379 2.4516572834218096
-10879.45884983379 2.501657283421082
-10879.408849833791 2.5516572834203544
-10879.358849833792 2.6016572834196268
-10879.308849833793 2.651657283418899
-10879.258849833794 2.7016572834181716
-10879.208849833794 2.751657283417444
-10879.158849833795 2.8016572834167164
-10879.108849833796 2.851657283415989
-10879.058849833797 2.901657283415261
-10879.008849833797 2.9516572834145336
