    x         y           z
 -20.000  0.2603E-82  0.7808E-84
 -19.970  0.2603E-82  0.1562E-83
 -19.940  0.2603E-82  0.2342E-83
 -19.910  0.2603E-82  0.3123E-83
 -19.880  0.2603E-82  0.3904E-83
 -19.850  0.2603E-82  0.4685E-83
 -19.820  0.2603E-82  0.5465E-83
 -19.790  0.2603E-82  0.6246E-83
 -19.760  0.2603E-82  0.7027E-83
 -19.730  0.2603E-82  0.7808E-83
 -19.700  0.2603E-82  0.8589E-83
 -19.670  0.2603E-82  0.9369E-83
 -19.640  0.2603E-82  0.1015E-82
 -19.610  0.2603E-82  0.1093E-82
 -19.580  0.2603E-82  0.1171E-82
 -19.550  0.2603E-82  0.1249E-82
 -19.520  0.2603E-82  0.1327E-82
 -19.490  0.2603E-82  0.1405E-82
 -19.460  0.2603E-82  0.1483E-82
 -19.430  0.2603E-82  0.1562E-82
 -19.400  0.2603E-82  0.1640E-82
 -19.370  0.2603E-82  0.1718E-82
 -19.340  0.2603E-82  0.1796E-82
 -19.310  0.2603E-82  0.1874E-82
 -19.280  0.2603E-82  0.1952E-82
 -19.250  0.2603E-82  0.2030E-82
 -19.220  0.2603E-82  0.2108E-82
 -19.190  0.2603E-82  0.2186E-82
 -19.160  0.2603E-82  0.2264E-82
 -19.130  0.2603E-82  0.2342E-82
 -19.100  0.2603E-82  0.2420E-82
 -19.070  0.2603E-82  0.2498E-82
 -19.040  0.2603E-82  0.2577E-82
 -19.010  0.2603E-82  0.2655E-82
 -18.980  0.2603E-82  0.2733E-82
 -18.950  0.2603E-82  0.2811E-82
 -18.920  0.2603E-82  0.2889E-82
 -18.890  0.2603E-82  0.2967E-82
 -18.860  0.2603E-82  0.3045E-82
 -18.830  0.2603E-82  0.3123E-82
 -18.800  0.2603E-82  0.3201E-82
 -18.770  0.2603E-82  0.3279E-82
 -18.740  0.2603E-82  0.3357E-82
 -18.710  0.2603E-82  0.3435E-82
 -18.680  0.2603E-82  0.3514E-82
 -18.650  0.2603E-82  0.3592E-82
 -18.620  0.2603E-82  0.3670E-82
 -18.590  0.2603E-82  0.3748E-82
 -18.560  0.2603E-82  0.3826E-82
 -18.530  0.2603E-82  0.3904E-82
 -18.500  0.2603E-82  0.3982E-82
 -18.470  0.2603E-82  0.4060E-82
 -18.440  0.2603E-82  0.4138E-82
 -18.410  0.2603E-82  0.4216E-82
 -18.380  0.2603E-82  0.4294E-82
 -18.350  0.2603E-82  0.4372E-82
 -18.320  0.2603E-82  0.4450E-82
 -18.290  0.2603E-82  0.4529E-82
 -18.260  0.2603E-82  0.4607E-82
 -18.230  0.2603E-82  0.4685E-82
 -18.200  0.2603E-82  0.4763E-82
 -18.170  0.2603E-82  0.4841E-82
 -18.140  0.2603E-82  0.4919E-82
 -18.110  0.2603E-82  0.4997E-82
 -18.080  0.2603E-82  0.5075E-82
 -18.050  0.2603E-82  0.5153E-82
 -18.020  0.2603E-82  0.5231E-82
 -17.990  0.2603E-82  0.5309E-82
 -17.960  0.2603E-82  0.5387E-82
 -17.930  0.2603E-82  0.5465E-82
 -17.900  0.2603E-82  0.5544E-82
 -17.870  0.2603E-82  0.5622E-82
 -17.840  0.2603E-82  0.5700E-82
 -17.810  0.2603E-82  0.5778E-82
 -17.780  0.2603E-82  0.5856E-82
 -17.750  0.2603E-82  0.5934E-82
 -17.720  0.2603E-82  0.6012E-82
 -17.690  0.2603E-82  0.6090E-82
 -17.660  0.2603E-82  0.6168E-82
 -17.630  0.2603E-82  0.6246E-82
 -17.600  0.2603E-82  0.6324E-82
 -17.570  0.2603E-82  0.6402E-82
 -17.540  0.2603E-82  0.6480E-82
 -17.510  0.2603E-82  0.6559E-82
 -17.480  0.2603E-82  0.6637E-82
 -17.450  0.2603E-82  0.6715E-82
 -17.420  0.2603E-82  0.6793E-82
 -17.390  0.2603E-82  0.6871E-82
 -17.360  0.2603E-82  0.6949E-82
 -17.330  0.2603E-82  0.7027E-82
 -17.300  0.2603E-82  0.7105E-82
 -17.270  0.2603E-82  0.7183E-82
 -17.240  0.2603E-82  0.7261E-82
 -17.210  0.2603E-82  0.7339E-82
 -17.180  0.2603E-82  0.7417E-82
 -17.150  0.2603E-82  0.7495E-82
 -17.120  0.2603E-82  0.7574E-82
 -17.090  0.2603E-82  0.7652E-82
 -17.060  0.2603E-82  0.7730E-82
 -17.030  0.2603E-82  0.7808E-82
 -17.000  0.2603E-82  0.7886E-82
 -16.970  0.2603E-82  0.7964E-82
 -16.940  0.2603E-82  0.8042E-82
 -16.910  0.2603E-82  0.8120E-82
 -16.880  0.2603E-82  0.8198E-82
 -16.850  0.2603E-82  0.8276E-82
 -16.820  0.2603E-82  0.8354E-82
 -16.790  0.2603E-82  0.8432E-82
 -16.760  0.2603E-82  0.8511E-82
 -16.730  0.2603E-82  0.8589E-82
 -16.700  0.2603E-82  0.8667E-82
 -16.670  0.2603E-82  0.8745E-82
 -16.640  0.2603E-82  0.8823E-82
 -16.610  0.2603E-82  0.8901E-82
 -16.580  0.2603E-82  0.8979E-82
 -16.550  0.2603E-82  0.9057E-82
 -16.520  0.2603E-82  0.9135E-82
 -16.490  0.2603E-82  0.9213E-82
 -16.460  0.2603E-82  0.9291E-82
 -16.430  0.2603E-82  0.9369E-82
 -16.400  0.2603E-82  0.9447E-82
 -16.370  0.2603E-82  0.9526E-82
 -16.340  0.2603E-82  0.9604E-82
 -16.310  0.2603E-82  0.9682E-82
 -16.280  0.2603E-82  0.9760E-82
 -16.250  0.2603E-82  0.9838E-82
 -16.220  0.2603E-82  0.9916E-82
 -16.190  0.2603E-82  0.9994E-82
 -16.160  0.2603E-82  0.1007E-81
 -16.130  0.2603E-82  0.1015E-81
 -16.100  0.2603E-82  0.1023E-81
 -16.070  0.2603E-82  0.1031E-81
 -16.040  0.2603E-82  0.1038E-81
 -16.010  0.2603E-82  0.1046E-81
 -15.980  0.2603E-82  0.1054E-81
 -15.950  0.2603E-82  0.1062E-81
 -15.920  0.2603E-82  0.1070E-81
 -15.890  0.2603E-82  0.1077E-81
 -15.860  0.2603E-82  0.1085E-81
 -15.830  0.2603E-82  0.1093E-81
 -15.800  0.2603E-82  0.1101E-81
 -15.770  0.2603E-82  0.1109E-81
 -15.740  0.2603E-82  0.1117E-81
 -15.710  0.2603E-82  0.1124E-81
 -15.680  0.2603E-82  0.1132E-81
 -15.650  0.2603E-82  0.1140E-81
 -15.620  0.2603E-82  0.1148E-81
 -15.590  0.2603E-82  0.1156E-81
 -15.560  0.2603E-82  0.1163E-81
 -15.530  0.2603E-82  0.1171E-81
 -15.500  0.2603E-82  0.1179E-81
 -15.470  0.2603E-82  0.1187E-81
 -15.440  0.2603E-82  0.1195E-81
 -15.410  0.2603E-82  0.1202E-81
 -15.380  0.2603E-82  0.1210E-81
 -15.350  0.2603E-82  0.1218E-81
 -15.320  0.2603E-82  0.1226E-81
 -15.290  0.2603E-82  0.1234E-81
 -15.260  0.2603E-82  0.1241E-81
 -15.230  0.2603E-82  0.1249E-81
 -15.200  0.2603E-82  0.1257E-81
 -15.170  0.2603E-82  0.1265E-81
 -15.140  0.2603E-82  0.1273E-81
 -15.110  0.2603E-82  0.1280E-81
 -15.080  0.2603E-82  0.1288E-81
 -15.050  0.2603E-82  0.1296E-81
 -15.020  0.2603E-82  0.1304E-81
 -14.990  0.2603E-82  0.1312E-81
 -14.960  0.2603E-82  0.1320E-81
 -14.930  0.2603E-82  0.1327E-81
 -14.900  0.2603E-82  0.1335E-81
 -14.870  0.2603E-82  0.1343E-81
 -14.840  0.2603E-82  0.1351E-81
 -14.810  0.2603E-82  0.1359E-81
 -14.780  0.2603E-82  0.1366E-81
 -14.750  0.2603E-82  0.1374E-81
 -14.720  0.2603E-82  0.1382E-81
 -14.690  0.2603E-82  0.1390E-81
 -14.660  0.2603E-82  0.1398E-81
 -14.630  0.2603E-82  0.1405E-81
 -14.600  0.3615E-76  0.1085E-77
 -14.570  0.5254E-65  0.1576E-66
 -14.540  0.1034E-54  0.3101E-56
 -14.510  0.2752E-45  0.8255E-47
 -14.480  0.9914E-37  0.2974E-38
 -14.450  0.4834E-29  0.1450E-30
 -14.420  0.3190E-22  0.9571E-24
 -14.390  0.2849E-16  0.8547E-18
 -14.360  0.3444E-11  0.1033E-12
 -14.330  0.5633E-07  0.1690E-08
 -14.300  0.1247E-03  0.3743E-05
 -14.270  0.3736E-01  0.1125E-02
 -14.240  0.1515E+01  0.4657E-01
 -14.210  0.8312E+01  0.2959E+00
 -14.180  0.6173E+01  0.4811E+00
 -14.150  0.6205E+00  0.4997E+00
 -14.120  0.5417E-01  0.5013E+00
 -14.090  0.3493E+01  0.6061E+00
 -14.060  0.3611E+02  0.1690E+01
 -14.030  0.5053E+02  0.3205E+01
 -14.000  0.9569E+01  0.3492E+01
 -13.970  0.2453E+00  0.3500E+01
 -13.940  0.8509E-03  0.3500E+01
 -13.910  0.3996E-06  0.3500E+01
 -13.880  0.6145E-08  0.3500E+01
 -13.850  0.3258E-04  0.3500E+01
 -13.820  0.2347E-01  0.3501E+01
 -13.790  0.2289E+01  0.3569E+01
 -13.760  0.3022E+02  0.4476E+01
 -13.730  0.5399E+02  0.6095E+01
 -13.700  0.1305E+02  0.6487E+01
 -13.670  0.5087E+00  0.6502E+01
 -13.640  0.4988E+01  0.6652E+01
 -13.610  0.4133E+02  0.7892E+01
 -13.580  0.4639E+02  0.9284E+01
 -13.550  0.7050E+01  0.9495E+01
 -13.520  0.1450E+00  0.9500E+01
 -13.490  0.4040E-03  0.9500E+01
 -13.460  0.1524E-06  0.9500E+01
 -13.430  0.7779E-11  0.9500E+01
 -13.400  0.5559E-16  0.9500E+01
 -13.370  0.4864E-12  0.9500E+01
 -13.340  0.1771E-07  0.9500E+01
 -13.310  0.8723E-04  0.9500E+01
 -13.280  0.5817E-01  0.9501E+01
 -13.250  0.5251E+01  0.9659E+01
 -13.220  0.6415E+02  0.1158E+02
 -13.190  0.1061E+03  0.1477E+02
 -13.160  0.2374E+02  0.1548E+02
 -13.130  0.7193E+00  0.1550E+02
 -13.100  0.2950E-02  0.1550E+02
 -13.070  0.8192E-03  0.1550E+02
 -13.040  0.2385E+00  0.1551E+02
 -13.010  0.9418E+01  0.1579E+02
 -12.980  0.5033E+02  0.1730E+02
 -12.950  0.3640E+02  0.1839E+02
 -12.920  0.3563E+01  0.1850E+02
 -12.890  0.4719E-01  0.1850E+02
 -12.860  0.8460E-04  0.1850E+02
 -12.830  0.2053E-07  0.1850E+02
 -12.800  0.1310E-08  0.1850E+02
 -12.770  0.9579E-05  0.1850E+02
 -12.740  0.9513E-02  0.1850E+02
 -12.710  0.1288E+01  0.1854E+02
 -12.680  0.2405E+02  0.1926E+02
 -12.650  0.6420E+02  0.2119E+02
 -12.620  0.4321E+02  0.2248E+02
 -12.590  0.1319E+03  0.2644E+02
 -12.560  0.1330E+03  0.3043E+02
 -12.530  0.1869E+02  0.3099E+02
 -12.500  0.4227E+01  0.3112E+02
 -12.470  0.3769E+02  0.3225E+02
 -12.440  0.5562E+02  0.3392E+02
 -12.410  0.6675E+02  0.3592E+02
 -12.380  0.1000E+03  0.3892E+02
 -12.350  0.3396E+02  0.3994E+02
 -12.320  0.2060E+01  0.4000E+02
 -12.290  0.5283E+01  0.4016E+02
 -12.260  0.6423E+02  0.4209E+02
 -12.230  0.1061E+03  0.4527E+02
 -12.200  0.3272E+02  0.4625E+02
 -12.170  0.1157E+03  0.4972E+02
 -12.140  0.2662E+03  0.5771E+02
 -12.110  0.1422E+03  0.6197E+02
 -12.080  0.1813E+02  0.6252E+02
 -12.050  0.2558E+02  0.6329E+02
 -12.020  0.1187E+03  0.6685E+02
 -11.990  0.1307E+03  0.7077E+02
 -11.960  0.7071E+02  0.7289E+02
 -11.930  0.1135E+03  0.7629E+02
 -11.900  0.4966E+02  0.7778E+02
 -11.870  0.8648E+02  0.8038E+02
 -11.840  0.2290E+03  0.8725E+02
 -11.810  0.1931E+03  0.9304E+02
 -11.780  0.3576E+02  0.9412E+02
 -11.750  0.4221E+02  0.9538E+02
 -11.720  0.6892E+02  0.9745E+02
 -11.690  0.6391E+02  0.9937E+02
 -11.660  0.2008E+02  0.9997E+02
 -11.630  0.9524E+00  0.1000E+03
 -11.600  0.6157E-02  0.1000E+03
 -11.570  0.5390E-05  0.1000E+03
 -11.540  0.6386E-09  0.1000E+03
 -11.510  0.1024E-13  0.1000E+03
 -11.480  0.2222E-19  0.1000E+03
 -11.450  0.6524E-26  0.1000E+03
 -11.420  0.2593E-33  0.1000E+03
 -11.390  0.1395E-41  0.1000E+03
 -11.360  0.1015E-50  0.1000E+03
 -11.330  0.1000E-60  0.1000E+03
 -11.300  0.1333E-71  0.1000E+03
 -11.270  0.2835E-82  0.1000E+03
 -11.240  0.2603E-82  0.1000E+03
 -11.210  0.2603E-82  0.1000E+03
 -11.180  0.2603E-82  0.1000E+03
 -11.150  0.2603E-82  0.1000E+03
 -11.120  0.2603E-82  0.1000E+03
 -11.090  0.2603E-82  0.1000E+03
 -11.060  0.2603E-82  0.1000E+03
 -11.030  0.2603E-82  0.1000E+03
 -11.000  0.2603E-82  0.1000E+03
 -10.970  0.2603E-82  0.1000E+03
 -10.940  0.2603E-82  0.1000E+03
 -10.910  0.2603E-82  0.1000E+03
 -10.880  0.2603E-82  0.1000E+03
 -10.850  0.2603E-82  0.1000E+03
 -10.820  0.2603E-82  0.1000E+03
 -10.790  0.2603E-82  0.1000E+03
 -10.760  0.2603E-82  0.1000E+03
 -10.730  0.2603E-82  0.1000E+03
 -10.700  0.2603E-82  0.1000E+03
 -10.670  0.2603E-82  0.1000E+03
 -10.640  0.2603E-82  0.1000E+03
 -10.610  0.2603E-82  0.1000E+03
 -10.580  0.2603E-82  0.1000E+03
 -10.550  0.2603E-82  0.1000E+03
 -10.520  0.2603E-82  0.1000E+03
 -10.490  0.2603E-82  0.1000E+03
 -10.460  0.2603E-82  0.1000E+03
 -10.430  0.2603E-82  0.1000E+03
 -10.400  0.2603E-82  0.1000E+03
 -10.370  0.2603E-82  0.1000E+03
 -10.340  0.2603E-82  0.1000E+03
 -10.310  0.2603E-82  0.1000E+03
 -10.280  0.2603E-82  0.1000E+03
 -10.250  0.2603E-82  0.1000E+03
 -10.220  0.2603E-82  0.1000E+03
 -10.190  0.2603E-82  0.1000E+03
 -10.160  0.2603E-82  0.1000E+03
 -10.130  0.2603E-82  0.1000E+03
 -10.100  0.2603E-82  0.1000E+03
 -10.070  0.2603E-82  0.1000E+03
 -10.040  0.2603E-82  0.1000E+03
 -10.010  0.2603E-82  0.1000E+03
  -9.980  0.2603E-82  0.1000E+03
  -9.950  0.2603E-82  0.1000E+03
  -9.920  0.2603E-82  0.1000E+03
  -9.890  0.2603E-82  0.1000E+03
  -9.860  0.2603E-82  0.1000E+03
  -9.830  0.2603E-82  0.1000E+03
  -9.800  0.2603E-82  0.1000E+03
  -9.770  0.2603E-82  0.1000E+03
  -9.740  0.2603E-82  0.1000E+03
  -9.710  0.2603E-82  0.1000E+03
  -9.680  0.2603E-82  0.1000E+03
  -9.650  0.2603E-82  0.1000E+03
  -9.620  0.2603E-82  0.1000E+03
  -9.590  0.2603E-82  0.1000E+03
  -9.560  0.2603E-82  0.1000E+03
  -9.530  0.2603E-82  0.1000E+03
  -9.500  0.2603E-82  0.1000E+03
  -9.470  0.2603E-82  0.1000E+03
  -9.440  0.2603E-82  0.1000E+03
  -9.410  0.2603E-82  0.1000E+03
  -9.380  0.2603E-82  0.1000E+03
  -9.350  0.2603E-82  0.1000E+03
  -9.320  0.2603E-82  0.1000E+03
  -9.290  0.2603E-82  0.1000E+03
  -9.260  0.2603E-82  0.1000E+03
  -9.230  0.2603E-82  0.1000E+03
  -9.200  0.2603E-82  0.1000E+03
  -9.170  0.2603E-82  0.1000E+03
  -9.140  0.2603E-82  0.1000E+03
  -9.110  0.2603E-82  0.1000E+03
  -9.080  0.2603E-82  0.1000E+03
  -9.050  0.2603E-82  0.1000E+03
  -9.020  0.2603E-82  0.1000E+03
  -8.990  0.2603E-82  0.1000E+03
  -8.960  0.2603E-82  0.1000E+03
  -8.930  0.2603E-82  0.1000E+03
  -8.900  0.2603E-82  0.1000E+03
  -8.870  0.2603E-82  0.1000E+03
  -8.840  0.2603E-82  0.1000E+03
  -8.810  0.2603E-82  0.1000E+03
  -8.780  0.2603E-82  0.1000E+03
  -8.750  0.2603E-82  0.1000E+03
  -8.720  0.2603E-82  0.1000E+03
  -8.690  0.2603E-82  0.1000E+03
  -8.660  0.2603E-82  0.1000E+03
  -8.630  0.2603E-82  0.1000E+03
  -8.600  0.2603E-82  0.1000E+03
  -8.570  0.2603E-82  0.1000E+03
  -8.540  0.2603E-82  0.1000E+03
  -8.510  0.2603E-82  0.1000E+03
  -8.480  0.2603E-82  0.1000E+03
  -8.450  0.2603E-82  0.1000E+03
  -8.420  0.2603E-82  0.1000E+03
  -8.390  0.2603E-82  0.1000E+03
  -8.360  0.2603E-82  0.1000E+03
  -8.330  0.2603E-82  0.1000E+03
  -8.300  0.2603E-82  0.1000E+03
  -8.270  0.2603E-82  0.1000E+03
  -8.240  0.2603E-82  0.1000E+03
  -8.210  0.2603E-82  0.1000E+03
  -8.180  0.2603E-82  0.1000E+03
  -8.150  0.2603E-82  0.1000E+03
  -8.120  0.2603E-82  0.1000E+03
  -8.090  0.2603E-82  0.1000E+03
  -8.060  0.2603E-82  0.1000E+03
  -8.030  0.2603E-82  0.1000E+03
  -8.000  0.2603E-82  0.1000E+03
  -7.970  0.2603E-82  0.1000E+03
  -7.940  0.2603E-82  0.1000E+03
  -7.910  0.2603E-82  0.1000E+03
  -7.880  0.2603E-82  0.1000E+03
  -7.850  0.2603E-82  0.1000E+03
  -7.820  0.2603E-82  0.1000E+03
  -7.790  0.2603E-82  0.1000E+03
  -7.760  0.2603E-82  0.1000E+03
  -7.730  0.2603E-82  0.1000E+03
  -7.700  0.2603E-82  0.1000E+03
  -7.670  0.2603E-82  0.1000E+03
  -7.640  0.2603E-82  0.1000E+03
  -7.610  0.2603E-82  0.1000E+03
  -7.580  0.2603E-82  0.1000E+03
  -7.550  0.2603E-82  0.1000E+03
  -7.520  0.2603E-82  0.1000E+03
  -7.490  0.2603E-82  0.1000E+03
  -7.460  0.2603E-82  0.1000E+03
  -7.430  0.2603E-82  0.1000E+03
  -7.400  0.2603E-82  0.1000E+03
  -7.370  0.2603E-82  0.1000E+03
  -7.340  0.2603E-82  0.1000E+03
  -7.310  0.2603E-82  0.1000E+03
  -7.280  0.2603E-82  0.1000E+03
  -7.250  0.2603E-82  0.1000E+03
  -7.220  0.2603E-82  0.1000E+03
  -7.190  0.2603E-82  0.1000E+03
  -7.160  0.2603E-82  0.1000E+03
  -7.130  0.2603E-82  0.1000E+03
  -7.100  0.2603E-82  0.1000E+03
  -7.070  0.2603E-82  0.1000E+03
  -7.040  0.2603E-82  0.1000E+03
  -7.010  0.2603E-82  0.1000E+03
  -6.980  0.2603E-82  0.1000E+03
  -6.950  0.2603E-82  0.1000E+03
  -6.920  0.2603E-82  0.1000E+03
  -6.890  0.2603E-82  0.1000E+03
  -6.860  0.2603E-82  0.1000E+03
  -6.830  0.2603E-82  0.1000E+03
  -6.800  0.2603E-82  0.1000E+03
  -6.770  0.2603E-82  0.1000E+03
  -6.740  0.2603E-82  0.1000E+03
  -6.710  0.2603E-82  0.1000E+03
  -6.680  0.2603E-82  0.1000E+03
  -6.650  0.2603E-82  0.1000E+03
  -6.620  0.2603E-82  0.1000E+03
  -6.590  0.2603E-82  0.1000E+03
  -6.560  0.2603E-82  0.1000E+03
  -6.530  0.2603E-82  0.1000E+03
  -6.500  0.2603E-82  0.1000E+03
  -6.470  0.2603E-82  0.1000E+03
  -6.440  0.2603E-82  0.1000E+03
  -6.410  0.2603E-82  0.1000E+03
  -6.380  0.2603E-82  0.1000E+03
  -6.350  0.2603E-82  0.1000E+03
  -6.320  0.2603E-82  0.1000E+03
  -6.290  0.1071E-73  0.1000E+03
  -6.260  0.1101E-62  0.1000E+03
  -6.230  0.1532E-52  0.1000E+03
  -6.200  0.2885E-43  0.1000E+03
  -6.170  0.7353E-35  0.1000E+03
  -6.140  0.2536E-27  0.1000E+03
  -6.110  0.1184E-20  0.1000E+03
  -6.080  0.7479E-15  0.1000E+03
  -6.050  0.6394E-10  0.1000E+03
  -6.020  0.7398E-06  0.1000E+03
  -5.990  0.1158E-02  0.1000E+03
  -5.960  0.2455E+00  0.1000E+03
  -5.930  0.7041E+01  0.1002E+03
  -5.900  0.2733E+02  0.1010E+03
  -5.870  0.1436E+02  0.1015E+03
  -5.840  0.1021E+01  0.1015E+03
  -5.810  0.1475E+00  0.1015E+03
  -5.780  0.3089E+01  0.1016E+03
  -5.750  0.9611E+01  0.1019E+03
  -5.720  0.1636E+02  0.1024E+03
  -5.690  0.8956E+02  0.1051E+03
  -5.660  0.8773E+02  0.1077E+03
  -5.630  0.3501E+02  0.1087E+03
  -5.600  0.6422E+02  0.1107E+03
  -5.570  0.6604E+02  0.1127E+03
  -5.540  0.4039E+02  0.1139E+03
  -5.510  0.4436E+01  0.1140E+03
  -5.480  0.6712E-01  0.1140E+03
  -5.450  0.1409E-03  0.1140E+03
  -5.420  0.4274E-02  0.1140E+03
  -5.390  0.7446E+00  0.1140E+03
  -5.360  0.1756E+02  0.1145E+03
  -5.330  0.5605E+02  0.1162E+03
  -5.300  0.2433E+02  0.1170E+03
  -5.270  0.1168E+02  0.1173E+03
  -5.240  0.1370E+03  0.1214E+03
  -5.210  0.2705E+03  0.1295E+03
  -5.180  0.7994E+02  0.1319E+03
  -5.150  0.2562E+02  0.1327E+03
  -5.120  0.6733E+02  0.1347E+03
  -5.090  0.7170E+02  0.1369E+03
  -5.060  0.3482E+02  0.1379E+03
  -5.030  0.1387E+02  0.1383E+03
  -5.000  0.7451E+02  0.1406E+03
  -4.970  0.1046E+03  0.1437E+03
  -4.940  0.1101E+03  0.1470E+03
  -4.910  0.8781E+02  0.1496E+03
  -4.880  0.1180E+02  0.1500E+03
  -4.850  0.9068E+01  0.1503E+03
  -4.820  0.7916E+02  0.1526E+03
  -4.790  0.9580E+02  0.1555E+03
  -4.760  0.1629E+02  0.1560E+03
  -4.730  0.2182E+02  0.1567E+03
  -4.700  0.1083E+03  0.1599E+03
  -4.670  0.1290E+03  0.1638E+03
  -4.640  0.1283E+03  0.1676E+03
  -4.610  0.5397E+02  0.1692E+03
  -4.580  0.8134E+01  0.1695E+03
  -4.550  0.2637E+00  0.1695E+03
  -4.520  0.1261E-02  0.1695E+03
  -4.490  0.1908E-05  0.1695E+03
  -4.460  0.1827E-02  0.1695E+03
  -4.430  0.4170E+00  0.1695E+03
  -4.400  0.1288E+02  0.1699E+03
  -4.370  0.5386E+02  0.1715E+03
  -4.340  0.3048E+02  0.1724E+03
  -4.310  0.2335E+01  0.1725E+03
  -4.280  0.2420E-01  0.1725E+03
  -4.250  0.3728E-04  0.1725E+03
  -4.220  0.5060E-02  0.1725E+03
  -4.190  0.1043E+01  0.1725E+03
  -4.160  0.2909E+02  0.1734E+03
  -4.130  0.1098E+03  0.1767E+03
  -4.100  0.5612E+02  0.1784E+03
  -4.070  0.4034E+01  0.1785E+03
  -4.040  0.8491E+01  0.1788E+03
  -4.010  0.8495E+02  0.1813E+03
  -3.980  0.1966E+03  0.1872E+03
  -3.950  0.1005E+03  0.1902E+03
  -3.920  0.1630E+02  0.1907E+03
  -3.890  0.1000E+03  0.1937E+03
  -3.860  0.2559E+03  0.2014E+03
  -3.830  0.1814E+03  0.2068E+03
  -3.800  0.9401E+02  0.2096E+03
  -3.770  0.3216E+02  0.2106E+03
  -3.740  0.1206E+03  0.2142E+03
  -3.710  0.1332E+03  0.2182E+03
  -3.680  0.6800E+02  0.2203E+03
  -3.650  0.1138E+03  0.2237E+03
  -3.620  0.4301E+02  0.2250E+03
  -3.590  0.2360E+02  0.2257E+03
  -3.560  0.5641E+02  0.2274E+03
  -3.530  0.2003E+02  0.2280E+03
  -3.500  0.9632E+00  0.2280E+03
  -3.470  0.6268E-02  0.2280E+03
  -3.440  0.9180E-05  0.2280E+03
  -3.410  0.4732E-02  0.2280E+03
  -3.380  0.8735E+00  0.2280E+03
  -3.350  0.2557E+02  0.2288E+03
  -3.320  0.1461E+03  0.2332E+03
  -3.290  0.1830E+03  0.2387E+03
  -3.260  0.4292E+02  0.2400E+03
  -3.230  0.1573E+01  0.2400E+03
  -3.200  0.8278E-02  0.2400E+03
  -3.170  0.1609E-03  0.2400E+03
  -3.140  0.7310E-01  0.2400E+03
  -3.110  0.4670E+01  0.2401E+03
  -3.080  0.4043E+02  0.2414E+03
  -3.050  0.5273E+02  0.2429E+03
  -3.020  0.7286E+02  0.2451E+03
  -2.990  0.1057E+03  0.2483E+03
  -2.960  0.3201E+02  0.2493E+03
  -2.930  0.9433E+02  0.2521E+03
  -2.900  0.2102E+03  0.2584E+03
  -2.870  0.2075E+03  0.2646E+03
  -2.840  0.1263E+03  0.2684E+03
  -2.810  0.7046E+02  0.2705E+03
  -2.780  0.5211E+02  0.2721E+03
  -2.750  0.7089E+02  0.2742E+03
  -2.720  0.7422E+02  0.2764E+03
  -2.690  0.3317E+02  0.2774E+03
  -2.660  0.1562E+02  0.2779E+03
  -2.630  0.9020E+02  0.2806E+03
  -2.600  0.1937E+03  0.2864E+03
  -2.570  0.1497E+03  0.2909E+03
  -2.540  0.1194E+03  0.2945E+03
  -2.510  0.3238E+02  0.2955E+03
  -2.480  0.1281E+01  0.2955E+03
  -2.450  0.1631E+01  0.2955E+03
  -2.420  0.2585E+02  0.2963E+03
  -2.390  0.5568E+02  0.2980E+03
  -2.360  0.1751E+02  0.2985E+03
  -2.330  0.1318E+02  0.2989E+03
  -2.300  0.1648E+02  0.2994E+03
  -2.270  0.2932E+01  0.2995E+03
  -2.240  0.8361E-01  0.2995E+03
  -2.210  0.1563E+01  0.2995E+03
  -2.180  0.2540E+02  0.3003E+03
  -2.150  0.5779E+02  0.3020E+03
  -2.120  0.4531E+02  0.3034E+03
  -2.090  0.6377E+02  0.3053E+03
  -2.060  0.6299E+02  0.3072E+03
  -2.030  0.3900E+02  0.3084E+03
  -2.000  0.4520E+01  0.3085E+03
  -1.970  0.1278E+02  0.3089E+03
  -1.940  0.5776E+02  0.3106E+03
  -1.910  0.7797E+02  0.3130E+03
  -1.880  0.1029E+03  0.3161E+03
  -1.850  0.4496E+02  0.3174E+03
  -1.820  0.1542E+02  0.3179E+03
  -1.790  0.5450E+02  0.3195E+03
  -1.760  0.5702E+02  0.3212E+03
  -1.730  0.6507E+02  0.3232E+03
  -1.700  0.6240E+02  0.3250E+03
  -1.670  0.4634E+02  0.3264E+03
  -1.640  0.5389E+02  0.3280E+03
  -1.610  0.2066E+03  0.3342E+03
  -1.580  0.2992E+03  0.3432E+03
  -1.550  0.1816E+03  0.3487E+03
  -1.520  0.1210E+03  0.3523E+03
  -1.490  0.1007E+03  0.3553E+03
  -1.460  0.8734E+02  0.3579E+03
  -1.430  0.1001E+03  0.3609E+03
  -1.400  0.1893E+02  0.3615E+03
  -1.370  0.1741E+02  0.3620E+03
  -1.340  0.6940E+02  0.3641E+03
  -1.310  0.1171E+03  0.3676E+03
  -1.280  0.1471E+03  0.3720E+03
  -1.250  0.6423E+02  0.3740E+03
  -1.220  0.5835E+02  0.3757E+03
  -1.190  0.2473E+02  0.3765E+03
  -1.160  0.1527E+01  0.3765E+03
  -1.130  0.2386E+01  0.3766E+03
  -1.100  0.1589E+02  0.3770E+03
  -1.070  0.2603E+02  0.3778E+03
  -1.040  0.5507E+02  0.3795E+03
  -1.010  0.3315E+02  0.3805E+03
  -0.980  0.2917E+02  0.3814E+03
  -0.950  0.5716E+02  0.3831E+03
  -0.920  0.5382E+02  0.3847E+03
  -0.890  0.1280E+03  0.3885E+03
  -0.860  0.1302E+03  0.3924E+03
  -0.830  0.8730E+02  0.3950E+03
  -0.800  0.1485E+02  0.3955E+03
  -0.770  0.4225E+01  0.3956E+03
  -0.740  0.4593E+02  0.3970E+03
  -0.710  0.7944E+02  0.3994E+03
  -0.680  0.2186E+02  0.4000E+03
  -0.650  0.3762E+02  0.4012E+03
  -0.620  0.1098E+03  0.4045E+03
  -0.590  0.4836E+02  0.4059E+03
  -0.560  0.3131E+01  0.4060E+03
  -0.530  0.2949E-01  0.4060E+03
  -0.500  0.1074E+00  0.4060E+03
  -0.470  0.8083E+01  0.4062E+03
  -0.440  0.8510E+02  0.4088E+03
  -0.410  0.1374E+03  0.4129E+03
  -0.380  0.1332E+03  0.4169E+03
  -0.350  0.1546E+03  0.4216E+03
  -0.320  0.3060E+02  0.4225E+03
  -0.290  0.8291E+00  0.4225E+03
  -0.260  0.5515E-02  0.4225E+03
  -0.230  0.6337E+00  0.4225E+03
  -0.200  0.2213E+02  0.4232E+03
  -0.170  0.1055E+03  0.4263E+03
  -0.140  0.9543E+02  0.4292E+03
  -0.110  0.1326E+03  0.4332E+03
  -0.080  0.1141E+03  0.4366E+03
  -0.050  0.2817E+02  0.4375E+03
  -0.020  0.1432E+01  0.4375E+03
   0.010  0.3316E+00  0.4375E+03
   0.040  0.1114E+02  0.4378E+03
   0.070  0.5239E+02  0.4394E+03
   0.100  0.3680E+02  0.4405E+03
   0.130  0.3900E+02  0.4417E+03
   0.160  0.5054E+02  0.4432E+03
   0.190  0.9558E+01  0.4435E+03
   0.220  0.2458E+00  0.4435E+03
   0.250  0.3376E+00  0.4435E+03
   0.280  0.1540E+02  0.4440E+03
   0.310  0.9527E+02  0.4468E+03
   0.340  0.7983E+02  0.4492E+03
   0.370  0.1049E+02  0.4495E+03
   0.400  0.8352E+01  0.4498E+03
   0.430  0.6306E+01  0.4500E+03
   0.460  0.6552E+00  0.4500E+03
   0.490  0.9212E-02  0.4500E+03
   0.520  0.1753E-04  0.4500E+03
   0.550  0.4515E-08  0.4500E+03
   0.580  0.1574E-12  0.4500E+03
   0.610  0.7424E-18  0.4500E+03
   0.640  0.4739E-24  0.4500E+03
   0.670  0.4095E-31  0.4500E+03
   0.700  0.4788E-39  0.4500E+03
   0.730  0.7576E-48  0.4500E+03
   0.760  0.1622E-57  0.4500E+03
   0.790  0.4702E-68  0.4500E+03
   0.820  0.1847E-79  0.4500E+03
   0.850  0.2603E-82  0.4500E+03
   0.880  0.2603E-82  0.4500E+03
   0.910  0.2603E-82  0.4500E+03
   0.940  0.2603E-82  0.4500E+03
   0.970  0.2603E-82  0.4500E+03
   1.000  0.2603E-82  0.4500E+03
   1.030  0.2603E-82  0.4500E+03
   1.060  0.2603E-82  0.4500E+03
   1.090  0.2603E-82  0.4500E+03
   1.120  0.2603E-82  0.4500E+03
   1.150  0.2603E-82  0.4500E+03
   1.180  0.2603E-82  0.4500E+03
   1.210  0.2603E-82  0.4500E+03
   1.240  0.2603E-82  0.4500E+03
   1.270  0.2603E-82  0.4500E+03
   1.300  0.2603E-82  0.4500E+03
   1.330  0.2603E-82  0.4500E+03
   1.360  0.2603E-82  0.4500E+03
   1.390  0.2603E-82  0.4500E+03
   1.420  0.2603E-82  0.4500E+03
   1.450  0.2603E-82  0.4500E+03
   1.480  0.2603E-82  0.4500E+03
   1.510  0.2603E-82  0.4500E+03
   1.540  0.2603E-82  0.4500E+03
   1.570  0.2603E-82  0.4500E+03
   1.600  0.2603E-82  0.4500E+03
   1.630  0.2603E-82  0.4500E+03
   1.660  0.2603E-82  0.4500E+03
   1.690  0.2603E-82  0.4500E+03
   1.720  0.2603E-82  0.4500E+03
   1.750  0.2603E-82  0.4500E+03
   1.780  0.2603E-82  0.4500E+03
   1.810  0.2603E-82  0.4500E+03
   1.840  0.2603E-82  0.4500E+03
   1.870  0.2603E-82  0.4500E+03
   1.900  0.2603E-82  0.4500E+03
   1.930  0.2603E-82  0.4500E+03
   1.960  0.2603E-82  0.4500E+03
   1.990  0.2603E-82  0.4500E+03
   2.020  0.2603E-82  0.4500E+03
   2.050  0.2603E-82  0.4500E+03
   2.080  0.2603E-82  0.4500E+03
   2.110  0.2603E-82  0.4500E+03
   2.140  0.2603E-82  0.4500E+03
   2.170  0.2603E-82  0.4500E+03
   2.200  0.2603E-82  0.4500E+03
   2.230  0.2603E-82  0.4500E+03
   2.260  0.2603E-82  0.4500E+03
   2.290  0.2603E-82  0.4500E+03
   2.320  0.2603E-82  0.4500E+03
   2.350  0.2603E-82  0.4500E+03
   2.380  0.2603E-82  0.4500E+03
   2.410  0.2603E-82  0.4500E+03
   2.440  0.2603E-82  0.4500E+03
   2.470  0.2603E-82  0.4500E+03
   2.500  0.2603E-82  0.4500E+03
   2.530  0.2603E-82  0.4500E+03
   2.560  0.2603E-82  0.4500E+03
   2.590  0.2603E-82  0.4500E+03
   2.620  0.2603E-82  0.4500E+03
   2.650  0.2603E-82  0.4500E+03
   2.680  0.2603E-82  0.4500E+03
   2.710  0.2603E-82  0.4500E+03
   2.740  0.2603E-82  0.4500E+03
   2.770  0.2603E-82  0.4500E+03
   2.800  0.2603E-82  0.4500E+03
   2.830  0.2603E-82  0.4500E+03
   2.860  0.2603E-82  0.4500E+03
   2.890  0.2603E-82  0.4500E+03
   2.920  0.2603E-82  0.4500E+03
   2.950  0.2603E-82  0.4500E+03
   2.980  0.2603E-82  0.4500E+03
   3.010  0.2603E-82  0.4500E+03
   3.040  0.2603E-82  0.4500E+03
   3.070  0.2603E-82  0.4500E+03
   3.100  0.2603E-82  0.4500E+03
   3.130  0.2603E-82  0.4500E+03
   3.160  0.2603E-82  0.4500E+03
   3.190  0.2603E-82  0.4500E+03
   3.220  0.2603E-82  0.4500E+03
   3.250  0.2603E-82  0.4500E+03
   3.280  0.2603E-82  0.4500E+03
   3.310  0.2603E-82  0.4500E+03
   3.340  0.2603E-82  0.4500E+03
   3.370  0.2603E-82  0.4500E+03
   3.400  0.2603E-82  0.4500E+03
   3.430  0.2603E-82  0.4500E+03
   3.460  0.2603E-82  0.4500E+03
   3.490  0.2603E-82  0.4500E+03
   3.520  0.2603E-82  0.4500E+03
   3.550  0.2603E-82  0.4500E+03
   3.580  0.2603E-82  0.4500E+03
   3.610  0.2603E-82  0.4500E+03
   3.640  0.2603E-82  0.4500E+03
   3.670  0.2603E-82  0.4500E+03
   3.700  0.2603E-82  0.4500E+03
   3.730  0.2603E-82  0.4500E+03
   3.760  0.2603E-82  0.4500E+03
   3.790  0.2603E-82  0.4500E+03
   3.820  0.2603E-82  0.4500E+03
   3.850  0.2603E-82  0.4500E+03
   3.880  0.2603E-82  0.4500E+03
   3.910  0.2603E-82  0.4500E+03
   3.940  0.2603E-82  0.4500E+03
   3.970  0.2603E-82  0.4500E+03
   4.000  0.2603E-82  0.4500E+03
   4.030  0.2603E-82  0.4500E+03
   4.060  0.2603E-82  0.4500E+03
   4.090  0.2603E-82  0.4500E+03
   4.120  0.2603E-82  0.4500E+03
   4.150  0.2603E-82  0.4500E+03
   4.180  0.2603E-82  0.4500E+03
   4.210  0.2603E-82  0.4500E+03
   4.240  0.2603E-82  0.4500E+03
   4.270  0.2603E-82  0.4500E+03
   4.300  0.2603E-82  0.4500E+03
   4.330  0.2603E-82  0.4500E+03
   4.360  0.2603E-82  0.4500E+03
   4.390  0.2603E-82  0.4500E+03
   4.420  0.2603E-82  0.4500E+03
   4.450  0.2603E-82  0.4500E+03
   4.480  0.2603E-82  0.4500E+03
   4.510  0.2603E-82  0.4500E+03
   4.540  0.2603E-82  0.4500E+03
   4.570  0.2603E-82  0.4500E+03
   4.600  0.2603E-82  0.4500E+03
   4.630  0.2603E-82  0.4500E+03
   4.660  0.2603E-82  0.4500E+03
   4.690  0.2603E-82  0.4500E+03
   4.720  0.2603E-82  0.4500E+03
   4.750  0.2603E-82  0.4500E+03
   4.780  0.2603E-82  0.4500E+03
   4.810  0.2603E-82  0.4500E+03
   4.840  0.2603E-82  0.4500E+03
   4.870  0.2603E-82  0.4500E+03
   4.900  0.2603E-82  0.4500E+03
   4.930  0.2603E-82  0.4500E+03
   4.960  0.2603E-82  0.4500E+03
   4.990  0.2603E-82  0.4500E+03
   5.020  0.2603E-82  0.4500E+03
   5.050  0.2603E-82  0.4500E+03
   5.080  0.2603E-82  0.4500E+03
   5.110  0.2603E-82  0.4500E+03
   5.140  0.2603E-82  0.4500E+03
   5.170  0.2603E-82  0.4500E+03
   5.200  0.2603E-82  0.4500E+03
   5.230  0.2603E-82  0.4500E+03
   5.260  0.2603E-82  0.4500E+03
   5.290  0.2603E-82  0.4500E+03
   5.320  0.2603E-82  0.4500E+03
   5.350  0.2603E-82  0.4500E+03
   5.380  0.2603E-82  0.4500E+03
   5.410  0.2603E-82  0.4500E+03
   5.440  0.2603E-82  0.4500E+03
   5.470  0.2603E-82  0.4500E+03
   5.500  0.2603E-82  0.4500E+03
   5.530  0.2603E-82  0.4500E+03
   5.560  0.2603E-82  0.4500E+03
   5.590  0.2603E-82  0.4500E+03
   5.620  0.2603E-82  0.4500E+03
   5.650  0.2603E-82  0.4500E+03
   5.680  0.2603E-82  0.4500E+03
   5.710  0.2603E-82  0.4500E+03
   5.740  0.2603E-82  0.4500E+03
   5.770  0.2603E-82  0.4500E+03
   5.800  0.2603E-82  0.4500E+03
   5.830  0.2603E-82  0.4500E+03
   5.860  0.2603E-82  0.4500E+03
   5.890  0.2603E-82  0.4500E+03
   5.920  0.2603E-82  0.4500E+03
   5.950  0.2603E-82  0.4500E+03
   5.980  0.2603E-82  0.4500E+03
   6.010  0.2603E-82  0.4500E+03
   6.040  0.2603E-82  0.4500E+03
   6.070  0.2603E-82  0.4500E+03
   6.100  0.2603E-82  0.4500E+03
   6.130  0.2603E-82  0.4500E+03
   6.160  0.2603E-82  0.4500E+03
   6.190  0.2603E-82  0.4500E+03
   6.220  0.2603E-82  0.4500E+03
   6.250  0.2603E-82  0.4500E+03
   6.280  0.2603E-82  0.4500E+03
   6.310  0.2603E-82  0.4500E+03
   6.340  0.2603E-82  0.4500E+03
   6.370  0.2603E-82  0.4500E+03
   6.400  0.2603E-82  0.4500E+03
   6.430  0.2603E-82  0.4500E+03
   6.460  0.2603E-82  0.4500E+03
   6.490  0.2603E-82  0.4500E+03
   6.520  0.2603E-82  0.4500E+03
   6.550  0.2603E-82  0.4500E+03
   6.580  0.2603E-82  0.4500E+03
   6.610  0.2603E-82  0.4500E+03
   6.640  0.2603E-82  0.4500E+03
   6.670  0.2603E-82  0.4500E+03
   6.700  0.2603E-82  0.4500E+03
   6.730  0.2603E-82  0.4500E+03
   6.760  0.2603E-82  0.4500E+03
   6.790  0.2603E-82  0.4500E+03
   6.820  0.2603E-82  0.4500E+03
   6.850  0.2603E-82  0.4500E+03
   6.880  0.2603E-82  0.4500E+03
   6.910  0.2603E-82  0.4500E+03
   6.940  0.2603E-82  0.4500E+03
   6.970  0.2603E-82  0.4500E+03
   7.000  0.2603E-82  0.4500E+03
   7.030  0.2603E-82  0.4500E+03
   7.060  0.2603E-82  0.4500E+03
   7.090  0.2603E-82  0.4500E+03
   7.120  0.2603E-82  0.4500E+03
   7.150  0.2603E-82  0.4500E+03
   7.180  0.2603E-82  0.4500E+03
   7.210  0.2603E-82  0.4500E+03
   7.240  0.2603E-82  0.4500E+03
   7.270  0.2603E-82  0.4500E+03
   7.300  0.2603E-82  0.4500E+03
   7.330  0.2603E-82  0.4500E+03
   7.360  0.2603E-82  0.4500E+03
   7.390  0.2603E-82  0.4500E+03
   7.420  0.2603E-82  0.4500E+03
   7.450  0.2603E-82  0.4500E+03
   7.480  0.2603E-82  0.4500E+03
   7.510  0.2603E-82  0.4500E+03
   7.540  0.2603E-82  0.4500E+03
   7.570  0.2603E-82  0.4500E+03
   7.600  0.2603E-82  0.4500E+03
   7.630  0.2603E-82  0.4500E+03
   7.660  0.2603E-82  0.4500E+03
   7.690  0.2603E-82  0.4500E+03
   7.720  0.2603E-82  0.4500E+03
   7.750  0.2603E-82  0.4500E+03
   7.780  0.2603E-82  0.4500E+03
   7.810  0.2603E-82  0.4500E+03
   7.840  0.2603E-82  0.4500E+03
   7.870  0.2603E-82  0.4500E+03
   7.900  0.2603E-82  0.4500E+03
   7.930  0.2603E-82  0.4500E+03
   7.960  0.2603E-82  0.4500E+03
   7.990  0.2603E-82  0.4500E+03
   8.020  0.2603E-82  0.4500E+03
   8.050  0.2603E-82  0.4500E+03
   8.080  0.2603E-82  0.4500E+03
   8.110  0.2603E-82  0.4500E+03
   8.140  0.2603E-82  0.4500E+03
   8.170  0.2603E-82  0.4500E+03
   8.200  0.2603E-82  0.4500E+03
   8.230  0.2603E-82  0.4500E+03
   8.260  0.2603E-82  0.4500E+03
   8.290  0.2603E-82  0.4500E+03
   8.320  0.2603E-82  0.4500E+03
   8.350  0.2603E-82  0.4500E+03
   8.380  0.2603E-82  0.4500E+03
   8.410  0.2603E-82  0.4500E+03
   8.440  0.2603E-82  0.4500E+03
   8.470  0.2603E-82  0.4500E+03
   8.500  0.2603E-82  0.4500E+03
   8.530  0.2603E-82  0.4500E+03
   8.560  0.2603E-82  0.4500E+03
   8.590  0.2603E-82  0.4500E+03
   8.620  0.2603E-82  0.4500E+03
   8.650  0.2603E-82  0.4500E+03
   8.680  0.2603E-82  0.4500E+03
   8.710  0.2603E-82  0.4500E+03
   8.740  0.2603E-82  0.4500E+03
   8.770  0.2603E-82  0.4500E+03
   8.800  0.2603E-82  0.4500E+03
   8.830  0.2603E-82  0.4500E+03
   8.860  0.2603E-82  0.4500E+03
   8.890  0.2603E-82  0.4500E+03
   8.920  0.2603E-82  0.4500E+03
   8.950  0.2603E-82  0.4500E+03
   8.980  0.2603E-82  0.4500E+03
   9.010  0.2603E-82  0.4500E+03
   9.040  0.2603E-82  0.4500E+03
   9.070  0.2603E-82  0.4500E+03
   9.100  0.2603E-82  0.4500E+03
   9.130  0.2603E-82  0.4500E+03
   9.160  0.2603E-82  0.4500E+03
   9.190  0.2603E-82  0.4500E+03
   9.220  0.2603E-82  0.4500E+03
   9.250  0.2603E-82  0.4500E+03
   9.280  0.2603E-82  0.4500E+03
   9.310  0.2603E-82  0.4500E+03
   9.340  0.2603E-82  0.4500E+03
   9.370  0.2603E-82  0.4500E+03
   9.400  0.2603E-82  0.4500E+03
   9.430  0.2603E-82  0.4500E+03
   9.460  0.2603E-82  0.4500E+03
   9.490  0.2603E-82  0.4500E+03
   9.520  0.2603E-82  0.4500E+03
   9.550  0.2603E-82  0.4500E+03
   9.580  0.2603E-82  0.4500E+03
   9.610  0.2603E-82  0.4500E+03
   9.640  0.2603E-82  0.4500E+03
   9.670  0.2603E-82  0.4500E+03
   9.700  0.2603E-82  0.4500E+03
   9.730  0.2603E-82  0.4500E+03
   9.760  0.2603E-82  0.4500E+03
   9.790  0.2603E-82  0.4500E+03
   9.820  0.2603E-82  0.4500E+03
   9.850  0.2603E-82  0.4500E+03
   9.880  0.2603E-82  0.4500E+03
   9.910  0.2603E-82  0.4500E+03
   9.940  0.2603E-82  0.4500E+03
   9.970  0.2603E-82  0.4500E+03
  10.000  0.2603E-82  0.4500E+03
  10.030  0.2603E-82  0.4500E+03
  10.060  0.2603E-82  0.4500E+03
  10.090  0.2603E-82  0.4500E+03
  10.120  0.2603E-82  0.4500E+03
  10.150  0.2603E-82  0.4500E+03
  10.180  0.2603E-82  0.4500E+03
  10.210  0.2603E-82  0.4500E+03
  10.240  0.2603E-82  0.4500E+03
  10.270  0.2603E-82  0.4500E+03
  10.300  0.2603E-82  0.4500E+03
  10.330  0.2603E-82  0.4500E+03
  10.360  0.2603E-82  0.4500E+03
  10.390  0.2603E-82  0.4500E+03
  10.420  0.2603E-82  0.4500E+03
  10.450  0.2603E-82  0.4500E+03
  10.480  0.2603E-82  0.4500E+03
  10.510  0.2603E-82  0.4500E+03
  10.540  0.2603E-82  0.4500E+03
  10.570  0.2603E-82  0.4500E+03
  10.600  0.2603E-82  0.4500E+03
  10.630  0.2603E-82  0.4500E+03
  10.660  0.2603E-82  0.4500E+03
  10.690  0.2603E-82  0.4500E+03
  10.720  0.2603E-82  0.4500E+03
  10.750  0.2603E-82  0.4500E+03
  10.780  0.2603E-82  0.4500E+03
  10.810  0.2603E-82  0.4500E+03
  10.840  0.2603E-82  0.4500E+03
  10.870  0.2603E-82  0.4500E+03
  10.900  0.2603E-82  0.4500E+03
  10.930  0.2603E-82  0.4500E+03
  10.960  0.2603E-82  0.4500E+03
  10.990  0.2603E-82  0.4500E+03
  11.020  0.2603E-82  0.4500E+03
  11.050  0.2603E-82  0.4500E+03
  11.080  0.2603E-82  0.4500E+03
  11.110  0.2603E-82  0.4500E+03
  11.140  0.2603E-82  0.4500E+03
  11.170  0.2603E-82  0.4500E+03
  11.200  0.2603E-82  0.4500E+03
  11.230  0.2603E-82  0.4500E+03
  11.260  0.2603E-82  0.4500E+03
  11.290  0.2603E-82  0.4500E+03
  11.320  0.2603E-82  0.4500E+03
  11.350  0.2603E-82  0.4500E+03
  11.380  0.2603E-82  0.4500E+03
  11.410  0.2603E-82  0.4500E+03
  11.440  0.2603E-82  0.4500E+03
  11.470  0.2603E-82  0.4500E+03
  11.500  0.2603E-82  0.4500E+03
  11.530  0.2603E-82  0.4500E+03
  11.560  0.2603E-82  0.4500E+03
  11.590  0.2603E-82  0.4500E+03
  11.620  0.2603E-82  0.4500E+03
  11.650  0.2603E-82  0.4500E+03
  11.680  0.2603E-82  0.4500E+03
  11.710  0.2603E-82  0.4500E+03
  11.740  0.2603E-82  0.4500E+03
  11.770  0.2603E-82  0.4500E+03
  11.800  0.2603E-82  0.4500E+03
  11.830  0.2603E-82  0.4500E+03
  11.860  0.2603E-82  0.4500E+03
  11.890  0.2603E-82  0.4500E+03
  11.920  0.2603E-82  0.4500E+03
  11.950  0.2603E-82  0.4500E+03
  11.980  0.2603E-82  0.4500E+03
  12.010  0.2603E-82  0.4500E+03
  12.040  0.2603E-82  0.4500E+03
  12.070  0.2603E-82  0.4500E+03
  12.100  0.2603E-82  0.4500E+03
  12.130  0.2603E-82  0.4500E+03
  12.160  0.2603E-82  0.4500E+03
  12.190  0.2603E-82  0.4500E+03
  12.220  0.2603E-82  0.4500E+03
  12.250  0.2603E-82  0.4500E+03
  12.280  0.2603E-82  0.4500E+03
  12.310  0.2603E-82  0.4500E+03
  12.340  0.2603E-82  0.4500E+03
  12.370  0.2603E-82  0.4500E+03
  12.400  0.2603E-82  0.4500E+03
  12.430  0.2603E-82  0.4500E+03
  12.460  0.2603E-82  0.4500E+03
  12.490  0.2603E-82  0.4500E+03
  12.520  0.2603E-82  0.4500E+03
  12.550  0.2603E-82  0.4500E+03
  12.580  0.2603E-82  0.4500E+03
  12.610  0.2603E-82  0.4500E+03
  12.640  0.2603E-82  0.4500E+03
  12.670  0.2603E-82  0.4500E+03
  12.700  0.2603E-82  0.4500E+03
  12.730  0.2603E-82  0.4500E+03
  12.760  0.2603E-82  0.4500E+03
  12.790  0.2603E-82  0.4500E+03
  12.820  0.2603E-82  0.4500E+03
  12.850  0.2603E-82  0.4500E+03
  12.880  0.2603E-82  0.4500E+03
  12.910  0.2603E-82  0.4500E+03
  12.940  0.2603E-82  0.4500E+03
  12.970  0.2603E-82  0.4500E+03
  13.000  0.2603E-82  0.4500E+03
  13.030  0.2603E-82  0.4500E+03
  13.060  0.2603E-82  0.4500E+03
  13.090  0.2603E-82  0.4500E+03
  13.120  0.2603E-82  0.4500E+03
  13.150  0.2603E-82  0.4500E+03
  13.180  0.2603E-82  0.4500E+03
  13.210  0.2603E-82  0.4500E+03
  13.240  0.2603E-82  0.4500E+03
  13.270  0.2603E-82  0.4500E+03
  13.300  0.2603E-82  0.4500E+03
  13.330  0.2603E-82  0.4500E+03
  13.360  0.2603E-82  0.4500E+03
  13.390  0.2603E-82  0.4500E+03
  13.420  0.2603E-82  0.4500E+03
  13.450  0.2603E-82  0.4500E+03
  13.480  0.2603E-82  0.4500E+03
  13.510  0.2603E-82  0.4500E+03
  13.540  0.2603E-82  0.4500E+03
  13.570  0.2603E-82  0.4500E+03
  13.600  0.2603E-82  0.4500E+03
  13.630  0.2603E-82  0.4500E+03
  13.660  0.2603E-82  0.4500E+03
  13.690  0.2603E-82  0.4500E+03
  13.720  0.2603E-82  0.4500E+03
  13.750  0.2603E-82  0.4500E+03
  13.780  0.2603E-82  0.4500E+03
  13.810  0.2603E-82  0.4500E+03
  13.840  0.2603E-82  0.4500E+03
  13.870  0.2603E-82  0.4500E+03
  13.900  0.2603E-82  0.4500E+03
  13.930  0.2603E-82  0.4500E+03
  13.960  0.2603E-82  0.4500E+03
  13.990  0.2603E-82  0.4500E+03
  14.020  0.2603E-82  0.4500E+03
  14.050  0.2603E-82  0.4500E+03
  14.080  0.2603E-82  0.4500E+03
  14.110  0.2603E-82  0.4500E+03
  14.140  0.2603E-82  0.4500E+03
  14.170  0.2603E-82  0.4500E+03
  14.200  0.2603E-82  0.4500E+03
  14.230  0.2603E-82  0.4500E+03
  14.260  0.2603E-82  0.4500E+03
  14.290  0.2603E-82  0.4500E+03
  14.320  0.2603E-82  0.4500E+03
  14.350  0.2603E-82  0.4500E+03
  14.380  0.2603E-82  0.4500E+03
  14.410  0.2603E-82  0.4500E+03
  14.440  0.2603E-82  0.4500E+03
  14.470  0.2603E-82  0.4500E+03
  14.500  0.2603E-82  0.4500E+03
  14.530  0.2603E-82  0.4500E+03
  14.560  0.2603E-82  0.4500E+03
  14.590  0.2603E-82  0.4500E+03
  14.620  0.2603E-82  0.4500E+03
  14.650  0.2603E-82  0.4500E+03
  14.680  0.2603E-82  0.4500E+03
  14.710  0.2603E-82  0.4500E+03
  14.740  0.2603E-82  0.4500E+03
  14.770  0.2603E-82  0.4500E+03
  14.800  0.2603E-82  0.4500E+03
  14.830  0.2603E-82  0.4500E+03
  14.860  0.2603E-82  0.4500E+03
  14.890  0.2603E-82  0.4500E+03
  14.920  0.2603E-82  0.4500E+03
  14.950  0.2603E-82  0.4500E+03
  14.980  0.2603E-82  0.4500E+03
  15.010  0.2603E-82  0.4500E+03
  15.040  0.2603E-82  0.4500E+03
  15.070  0.2603E-82  0.4500E+03
  15.100  0.2603E-82  0.4500E+03
  15.130  0.2603E-82  0.4500E+03
  15.160  0.2603E-82  0.4500E+03
  15.190  0.2603E-82  0.4500E+03
  15.220  0.2603E-82  0.4500E+03
  15.250  0.2603E-82  0.4500E+03
  15.280  0.2603E-82  0.4500E+03
  15.310  0.2603E-82  0.4500E+03
  15.340  0.2603E-82  0.4500E+03
  15.370  0.2603E-82  0.4500E+03
  15.400  0.2603E-82  0.4500E+03
  15.430  0.2603E-82  0.4500E+03
  15.460  0.2603E-82  0.4500E+03
  15.490  0.2603E-82  0.4500E+03
  15.520  0.2603E-82  0.4500E+03
  15.550  0.2603E-82  0.4500E+03
  15.580  0.2603E-82  0.4500E+03
  15.610  0.2603E-82  0.4500E+03
  15.640  0.2603E-82  0.4500E+03
  15.670  0.2603E-82  0.4500E+03
  15.700  0.2603E-82  0.4500E+03
  15.730  0.2603E-82  0.4500E+03
  15.760  0.2603E-82  0.4500E+03
  15.790  0.2603E-82  0.4500E+03
  15.820  0.2603E-82  0.4500E+03
  15.850  0.2603E-82  0.4500E+03
  15.880  0.2603E-82  0.4500E+03
  15.910  0.2603E-82  0.4500E+03
  15.940  0.2603E-82  0.4500E+03
  15.970  0.2603E-82  0.4500E+03
  16.000  0.2603E-82  0.4500E+03
  16.030  0.2603E-82  0.4500E+03
  16.060  0.2603E-82  0.4500E+03
  16.090  0.2603E-82  0.4500E+03
  16.120  0.2603E-82  0.4500E+03
  16.150  0.2603E-82  0.4500E+03
  16.180  0.2603E-82  0.4500E+03
  16.210  0.2603E-82  0.4500E+03
  16.240  0.2603E-82  0.4500E+03
  16.270  0.2603E-82  0.4500E+03
  16.300  0.2603E-82  0.4500E+03
  16.330  0.2603E-82  0.4500E+03
  16.360  0.2603E-82  0.4500E+03
  16.390  0.2603E-82  0.4500E+03
  16.420  0.2603E-82  0.4500E+03
  16.450  0.2603E-82  0.4500E+03
  16.480  0.2603E-82  0.4500E+03
  16.510  0.2603E-82  0.4500E+03
  16.540  0.2603E-82  0.4500E+03
  16.570  0.2603E-82  0.4500E+03
  16.600  0.2603E-82  0.4500E+03
  16.630  0.2603E-82  0.4500E+03
  16.660  0.2603E-82  0.4500E+03
  16.690  0.2603E-82  0.4500E+03
  16.720  0.2603E-82  0.4500E+03
  16.750  0.2603E-82  0.4500E+03
  16.780  0.2603E-82  0.4500E+03
  16.810  0.2603E-82  0.4500E+03
  16.840  0.2603E-82  0.4500E+03
  16.870  0.2603E-82  0.4500E+03
  16.900  0.2603E-82  0.4500E+03
  16.930  0.2603E-82  0.4500E+03
  16.960  0.2603E-82  0.4500E+03
  16.990  0.2603E-82  0.4500E+03
  17.020  0.2603E-82  0.4500E+03
  17.050  0.2603E-82  0.4500E+03
  17.080  0.2603E-82  0.4500E+03
  17.110  0.2603E-82  0.4500E+03
  17.140  0.2603E-82  0.4500E+03
  17.170  0.2603E-82  0.4500E+03
  17.200  0.2603E-82  0.4500E+03
  17.230  0.2603E-82  0.4500E+03
  17.260  0.2603E-82  0.4500E+03
  17.290  0.2603E-82  0.4500E+03
  17.320  0.2603E-82  0.4500E+03
  17.350  0.2603E-82  0.4500E+03
  17.380  0.2603E-82  0.4500E+03
  17.410  0.2603E-82  0.4500E+03
  17.440  0.2603E-82  0.4500E+03
  17.470  0.2603E-82  0.4500E+03
  17.500  0.2603E-82  0.4500E+03
  17.530  0.2603E-82  0.4500E+03
  17.560  0.2603E-82  0.4500E+03
  17.590  0.2603E-82  0.4500E+03
  17.620  0.2603E-82  0.4500E+03
  17.650  0.2603E-82  0.4500E+03
  17.680  0.2603E-82  0.4500E+03
  17.710  0.2603E-82  0.4500E+03
  17.740  0.2603E-82  0.4500E+03
  17.770  0.2603E-82  0.4500E+03
  17.800  0.2603E-82  0.4500E+03
  17.830  0.2603E-82  0.4500E+03
  17.860  0.2603E-82  0.4500E+03
  17.890  0.2603E-82  0.4500E+03
  17.920  0.2603E-82  0.4500E+03
  17.950  0.2603E-82  0.4500E+03
  17.980  0.2603E-82  0.4500E+03
  18.010  0.2603E-82  0.4500E+03
  18.040  0.2603E-82  0.4500E+03
  18.070  0.2603E-82  0.4500E+03
  18.100  0.2603E-82  0.4500E+03
  18.130  0.2603E-82  0.4500E+03
  18.160  0.2603E-82  0.4500E+03
  18.190  0.2603E-82  0.4500E+03
  18.220  0.2603E-82  0.4500E+03
  18.250  0.2603E-82  0.4500E+03
  18.280  0.2603E-82  0.4500E+03
  18.310  0.2603E-82  0.4500E+03
  18.340  0.2603E-82  0.4500E+03
  18.370  0.2603E-82  0.4500E+03
  18.400  0.2603E-82  0.4500E+03
  18.430  0.2603E-82  0.4500E+03
  18.460  0.2603E-82  0.4500E+03
  18.490  0.2603E-82  0.4500E+03
  18.520  0.2603E-82  0.4500E+03
  18.550  0.2603E-82  0.4500E+03
  18.580  0.2603E-82  0.4500E+03
  18.610  0.2603E-82  0.4500E+03
  18.640  0.2603E-82  0.4500E+03
  18.670  0.2603E-82  0.4500E+03
  18.700  0.2603E-82  0.4500E+03
  18.730  0.2603E-82  0.4500E+03
  18.760  0.2603E-82  0.4500E+03
  18.790  0.2603E-82  0.4500E+03
  18.820  0.2603E-82  0.4500E+03
  18.850  0.2603E-82  0.4500E+03
  18.880  0.2603E-82  0.4500E+03
  18.910  0.2603E-82  0.4500E+03
  18.940  0.2603E-82  0.4500E+03
  18.970  0.2603E-82  0.4500E+03
  19.000  0.2603E-82  0.4500E+03
  19.030  0.2603E-82  0.4500E+03
  19.060  0.2603E-82  0.4500E+03
  19.090  0.2603E-82  0.4500E+03
  19.120  0.2603E-82  0.4500E+03
  19.150  0.2603E-82  0.4500E+03
  19.180  0.2603E-82  0.4500E+03
  19.210  0.2603E-82  0.4500E+03
  19.240  0.2603E-82  0.4500E+03
  19.270  0.2603E-82  0.4500E+03
  19.300  0.2603E-82  0.4500E+03
  19.330  0.2603E-82  0.4500E+03
  19.360  0.2603E-82  0.4500E+03
  19.390  0.2603E-82  0.4500E+03
  19.420  0.2603E-82  0.4500E+03
  19.450  0.2603E-82  0.4500E+03
  19.480  0.2603E-82  0.4500E+03
  19.510  0.2603E-82  0.4500E+03
  19.540  0.2603E-82  0.4500E+03
  19.570  0.2603E-82  0.4500E+03
  19.600  0.2603E-82  0.4500E+03
  19.630  0.2603E-82  0.4500E+03
  19.660  0.2603E-82  0.4500E+03
  19.690  0.2603E-82  0.4500E+03
  19.720  0.2603E-82  0.4500E+03
  19.750  0.2603E-82  0.4500E+03
  19.780  0.2603E-82  0.4500E+03
  19.810  0.2603E-82  0.4500E+03
  19.840  0.2603E-82  0.4500E+03
  19.870  0.2603E-82  0.4500E+03
  19.900  0.2603E-82  0.4500E+03
  19.930  0.2603E-82  0.4500E+03
  19.960  0.2603E-82  0.4500E+03
  19.990  0.2603E-82  0.4500E+03
